0.00 6.00 0.00
0.20 6.03 0.13
0.40 6.07 0.23
0.60 6.13 0.30
0.80 6.20 0.35
1.00 6.28 0.37
1.20 6.35 0.38
1.40 6.43 0.38
1.60 6.51 0.38
1.80 6.58 0.36
2.00 6.65 0.34
2.20 6.71 0.32
2.40 6.77 0.30
2.60 6.81 0.21
2.80 6.84 0.13
3.00 6.86 0.08
3.20 6.87 0.05
3.40 6.87 0.00
3.60 6.86 -0.03
3.80 6.85 -0.05
4.00 6.84 -0.06
4.20 6.83 -0.07
4.40 6.81 -0.08
4.60 6.80 -0.09
4.80 6.78 -0.07
5.00 6.77 -0.08
5.20 6.74 -0.13
5.40 6.69 -0.23
5.60 6.61 -0.41
5.80 6.49 -0.62
6.00 6.32 -0.85
6.20 6.10 -1.07
6.40 5.85 -1.24
6.60 5.59 -1.35
6.80 5.32 -1.35
7.00 5.13 -0.95
7.20 4.99 -0.67
7.40 4.87 -0.60
7.60 4.73 -0.71
7.80 4.55 -0.91
8.00 4.33 -1.11
8.20 4.07 -1.28
8.40 3.82 -1.23
8.60 3.66 -0.82
8.80 3.58 -0.41
9.00 3.59 0.06
9.20 3.67 0.40
9.40 3.80 0.66
9.60 3.97 0.83
9.80 4.16 0.96
10.00 4.37 1.04
10.20 4.58 1.08
10.40 4.80 1.09
10.60 5.01 1.07
10.80 5.22 1.03
11.00 5.42 0.98
11.20 5.60 0.93
11.40 5.78 0.87
11.60 5.94 0.80
11.80 6.08 0.73
12.00 6.22 0.66
12.20 6.33 0.58
12.40 6.43 0.47
12.60 6.50 0.39
12.80 6.57 0.33
13.00 6.63 0.32
13.20 6.70 0.34
13.40 6.77 0.36
13.60 6.85 0.39
13.80 6.93 0.40
14.00 7.01 0.40
14.20 7.09 0.38
14.40 7.15 0.35
14.60 7.22 0.31
14.80 7.27 0.27
15.00 7.32 0.24
15.20 7.36 0.21
15.40 7.40 0.21
15.60 7.45 0.22
15.80 7.49 0.22
16.00 7.53 0.21
16.20 7.57 0.20
16.40 7.61 0.19
16.60 7.65 0.18
16.80 7.68 0.17
17.00 7.71 0.16
17.20 7.74 0.15
17.40 7.77 0.14
17.60 7.80 0.13
17.80 7.82 0.11
18.00 7.84 0.10
18.20 7.86 0.09
18.40 7.88 0.08
18.60 7.89 0.08
18.80 7.91 0.07
19.00 7.92 0.06
19.20 7.93 0.05
19.40 7.94 0.05
19.60 7.95 0.04
19.80 7.95 0.04
20.00 7.96 0.03
