0.000000000000000000e+00 6.000000000000000000e+00 0.000000000000000000e+00
1.202698899931341714e+00 6.026988999313406481e+00 1.349449965670317664e-01
2.412758649582706028e+00 6.073608497200222445e+00 2.330974894340799297e-01
3.633502897349728755e+00 6.133833980470037694e+00 3.011274163490743616e-01
4.867179146642811816e+00 6.202928512460817778e+00 3.454726599538993637e-01
6.115189745984174863e+00 6.277177480952825128e+00 3.712448424600374164e-01
7.378278228052813859e+00 6.353707339733581705e+00 3.826492939037815511e-01
8.656682151790704438e+00 6.430331897645321426e+00 3.831227895586974963e-01
9.950257627491680523e+00 6.505422859364463406e+00 3.754548085957076786e-01
1.125858005536252904e+01 6.577801419344046607e+00 3.618927998979166727e-01
1.258102493887471240e+01 6.646647415777758638e+00 3.442299821685594896e-01
1.391683198071376637e+01 6.711423002612751709e+00 3.238779341749672414e-01
1.526515242796826755e+01 6.771781469932244057e+00 3.017923365974607974e-01
1.662378303855916784e+01 6.814524635976777489e+00 2.137158302226669082e-01
1.798928427572715805e+01 6.840487735703090877e+00 1.298154986315658288e-01
1.935902458868545750e+01 6.856915393879869036e+00 8.213829088388975574e-02
2.073149199521808583e+01 6.867758671446407170e+00 5.421638783269144141e-02
2.210512746785102678e+01 6.868596054882984525e+00 4.186917182885170619e-03
2.347829473743363593e+01 6.863076640943125639e+00 -2.759706969929340975e-02
2.484998495754210524e+01 6.853825560141563855e+00 -4.625540400780817074e-02
2.621963053874563343e+01 6.842630251893722537e+00 -5.597654123920789426e-02
2.758676007523472151e+01 6.828665112997126307e+00 -6.982569448297940018e-02
2.895097166647310871e+01 6.813450799386764345e+00 -7.607156805181161663e-02
3.031190386134613846e+01 6.795871149343546413e+00 -8.789825021608925482e-02
3.166963614735475474e+01 6.781451710742615546e+00 -7.209719300465566860e-02
3.302430910377872664e+01 6.765277853497085658e+00 -8.086928622764873176e-02
3.437472113363320148e+01 6.738842445047714236e+00 -1.321770422468582507e-01
3.571783032701142702e+01 6.692249488734541174e+00 -2.329647815658665855e-01
3.704814959490367698e+01 6.610943190187896334e+00 -4.065314927332234207e-01
3.835790878274784177e+01 6.486648688253787043e+00 -6.214725096705461249e-01
3.963825594668709584e+01 6.316822951138718167e+00 -8.491286855753450435e-01
4.088030863048210506e+01 6.103703886811359780e+00 -1.065595321636791049e+00
4.207616175593967967e+01 5.854827367764466217e+00 -1.244382595234466482e+00
4.322018879210499165e+01 5.585442993888583452e+00 -1.346921869379415826e+00
4.431034111808997977e+01 5.316080265961311113e+00 -1.346813639636359472e+00
4.535448217824007600e+01 5.125330335539683091e+00 -9.537496521081416656e-01
4.636620283109083118e+01 4.991876192967814596e+00 -6.672707128593414749e-01
4.735250146886110656e+01 4.871110184734959603e+00 -6.038300411642762988e-01
4.831252682311281887e+01 4.729143357782206181e+00 -7.098341347637664445e-01
4.924023622662025446e+01 4.547950677292142529e+00 -9.059634024503200322e-01
5.012761507563497787e+01 4.325837812855094278e+00 -1.110564322185241704e+00
5.096708864660590166e+01 4.068897896854102747e+00 -1.284699580004957653e+00
5.175626401539368260e+01 3.822855791023727079e+00 -1.230210529151879228e+00
5.250442756414039991e+01 3.658779696443456242e+00 -8.203804729013535191e-01
5.322797249509607553e+01 3.576669613113290680e+00 -4.105504166508278097e-01
5.394441852929259085e+01 3.587790728851843802e+00 5.560557869276450127e-02
5.467005538389372532e+01 3.668577817159527132e+00 4.039354415384169839e-01
5.541694309886203484e+01 3.800299332523585427e+00 6.586075768202912517e-01
5.619367274582770477e+01 3.966997137133081885e+00 8.334890230474816253e-01
5.700617593821739604e+01 4.158034786763856516e+00 9.551882481538729319e-01
5.785853464861956752e+01 4.365552317257860082e+00 1.037587652470019606e+00
5.875325391216088633e+01 4.581640318155267622e+00 1.080440004487037031e+00
5.969135584259353777e+01 4.799378986171244144e+00 1.088693340079882610e+00
6.067264288527763938e+01 5.013491440669771926e+00 1.070562272492638023e+00
6.169601806415887779e+01 5.220260348142636175e+00 1.033844537364320137e+00
6.275975917128423731e+01 5.417150723110959909e+00 9.844518748416191123e-01
6.386173626546717941e+01 5.602620218718479705e+00 9.273474780375985382e-01
6.499957219875184933e+01 5.775739114128145779e+00 8.655944770483305906e-01
6.617074577258607349e+01 5.935996624214101125e+00 8.012875504297755080e-01
6.737263038988476183e+01 6.082849548772848891e+00 7.342646227937401626e-01
6.860244577518940901e+01 6.215304304273610470e+00 6.622737775038096686e-01
6.985703431097756777e+01 6.330581053607952313e+00 5.763837466717086633e-01
7.113264797917021554e+01 6.425555628318530665e+00 4.748728735528907619e-01
7.242548193735538575e+01 6.502783953533254113e+00 3.861416260736190154e-01
7.373262582662769660e+01 6.568654939189771724e+00 3.293549282825876112e-01
7.505270994363021941e+01 6.632186230835418250e+00 3.176564582282321858e-01
7.638593435249588026e+01 6.700057857821235530e+00 3.393581349290861748e-01
7.773323175509563043e+01 6.772916168176200458e+00 3.642915517748245291e-01
7.909555024645553090e+01 6.850268745422837036e+00 3.867628862331817241e-01
8.047361567284228556e+01 6.930385518444754922e+00 4.005838651095912639e-01
8.186759524099730356e+01 7.009410163105367353e+00 3.951232233030638197e-01
8.327705238389580700e+01 7.085161265879695414e+00 3.787555138716416359e-01
8.470104405932431746e+01 7.154755488405398545e+00 3.479711126285162659e-01
8.613821661614517211e+01 7.216970079803258997e+00 3.110729569893008195e-01
8.758707268080760855e+01 7.271590566821019230e+00 2.731024350888006658e-01
8.904613859925265729e+01 7.319068617629469031e+00 2.373902540422493102e-01
9.051406271809646853e+01 7.360172570808617643e+00 2.055197658957432783e-01
9.199038212852170204e+01 7.403021533443680191e+00 2.142448131753133533e-01
9.347533148074693088e+01 7.446471988808675668e+00 2.172522768249761649e-01
9.496894177758346700e+01 7.489630979556727297e+00 2.157949537402598372e-01
9.647108631999027750e+01 7.531814444511302220e+00 2.109173247728764189e-01
9.798151890769749173e+01 7.572511432560832034e+00 2.034849402476500424e-01
9.949990539840467818e+01 7.611353474511041384e+00 1.942102097510488845e-01
1.010258495926756268e+02 7.648088468198511514e+00 1.836749684373493174e-01
1.025589142895791355e+02 7.682558500836476512e+00 1.723501631898229081e-01
1.040986382492203006e+02 7.714681095575141256e+00 1.606129736933218921e-01
1.056445497014587289e+02 7.744433426809107957e+00 1.487616561698339723e-01
1.071961769542495944e+02 7.771839101099510927e+00 1.370283714520146856e-01
1.087530565791573878e+02 7.796957147978416991e+00 1.255902343945321520e-01
1.103147395847222469e+02 7.819872907670122331e+00 1.145787984585265595e-01
1.118807959296104286e+02 7.840690541211849052e+00 1.040881677086348267e-01
1.134508176760218561e+02 7.859526922902323243e+00 9.418190845237259246e-02
1.150244210388886046e+02 7.876506705765149441e+00 8.489891431412900646e-02
1.166012475472742835e+02 7.891758378091632053e+00 7.625836163241264676e-02
1.181809645004254747e+02 7.905411153420258685e+00 6.826387664313304793e-02
1.197632648715474204e+02 7.917592557799172148e+00 6.090702189456928539e-02
1.213478667870403171e+02 7.928426597129869968e+00 5.417019665348961344e-02
1.229345126871587581e+02 7.938032404054562896e+00 4.802903462346522906e-02
1.245229682554100776e+02 7.946523278458539785e+00 4.245437201988615239e-02
1.261130211880986849e+02 7.954006048427547881e+00 3.741384984503911409e-02
1.277044798619041046e+02 7.960580689626628903e+00 3.287320599540644039e-02
