0.00 12.00 0.00
0.20 11.92 -0.41
0.40 11.76 -0.81
0.60 11.54 -1.08
0.80 11.29 -1.26
1.00 11.02 -1.37
1.20 10.73 -1.43
1.40 10.44 -1.44
1.60 10.11 -1.63
1.80 9.77 -1.70
2.00 9.43 -1.70
2.20 9.11 -1.63
2.40 8.80 -1.53
2.60 8.52 -1.40
2.80 8.27 -1.28
3.00 8.04 -1.15
3.20 7.83 -1.01
3.40 7.65 -0.91
3.60 7.47 -0.90
3.80 7.28 -0.95
4.00 7.07 -1.08
4.20 6.81 -1.26
4.40 6.53 -1.43
4.60 6.22 -1.56
4.80 5.89 -1.62
5.00 5.58 -1.58
5.20 5.35 -1.13
5.40 5.18 -0.86
5.60 5.01 -0.83
5.80 4.83 -0.94
6.00 4.60 -1.12
6.20 4.34 -1.30
6.40 4.06 -1.42
6.60 3.86 -0.99
6.80 3.74 -0.58
7.00 3.71 -0.17
7.20 3.75 0.23
7.40 3.86 0.52
7.60 4.00 0.72
7.80 4.18 0.87
8.00 4.37 0.97
8.20 4.57 1.03
8.40 4.78 1.05
8.60 4.99 1.04
8.80 5.20 1.02
9.00 5.39 0.97
9.20 5.58 0.92
9.40 5.75 0.86
9.60 5.91 0.80
9.80 6.06 0.74
10.00 6.19 0.67
10.20 6.31 0.59
10.40 6.41 0.50
10.60 6.49 0.41
10.80 6.56 0.34
11.00 6.62 0.32
11.20 6.69 0.33
11.40 6.76 0.36
11.60 6.83 0.38
11.80 6.91 0.40
12.00 6.99 0.40
12.20 7.07 0.38
12.40 7.14 0.36
12.60 7.20 0.32
12.80 7.26 0.28
13.00 7.31 0.25
13.20 7.35 0.21
13.40 7.40 0.22
13.60 7.44 0.22
13.80 7.48 0.22
14.00 7.53 0.21
14.20 7.57 0.21
14.40 7.61 0.20
14.60 7.65 0.19
14.80 7.68 0.17
15.00 7.71 0.16
15.20 7.74 0.15
15.40 7.77 0.14
15.60 7.80 0.13
15.80 7.82 0.12
16.00 7.84 0.10
16.20 7.86 0.09
16.40 7.88 0.09
16.60 7.89 0.08
16.80 7.91 0.07
17.00 7.92 0.06
17.20 7.93 0.05
17.40 7.94 0.05
17.60 7.95 0.04
17.80 7.95 0.04
18.00 7.96 0.03
18.20 7.97 0.03
18.40 7.97 0.03
18.60 7.98 0.02
18.80 7.98 0.02
19.00 7.98 0.02
19.20 7.99 0.01
19.40 7.99 0.01
19.60 7.99 0.01
19.80 7.99 0.01
20.00 7.99 0.01
