0.000000000000000000e+00 1.000000000000000000e+01 0.000000000000000000e+00
1.994127466184387742e+00 9.941274661843904070e+00 -2.936266907804784276e-01
3.972324358684275580e+00 9.840694263154952992e+00 -5.029019934447569451e-01
5.927544124221540756e+00 9.711503392217696984e+00 -6.459543546862795971e-01
7.855101950431695457e+00 9.564074869883882002e+00 -7.371426116690736885e-01
9.752140788270367011e+00 9.406313508502812226e+00 -7.888068069053468800e-01
1.161719756315739005e+01 9.244254240367389741e+00 -8.102963406771153121e-01
1.344983576306905348e+01 9.082127758749278357e+00 -8.106324080905574769e-01
1.525037587702519204e+01 8.923273380812124955e+00 -7.942718896857691169e-01
1.701758451386140791e+01 8.748812987550053322e+00 -8.723019663103587229e-01
1.874846056914245196e+01 8.559947565260401348e+00 -9.443271114482563178e-01
2.044118009199085151e+01 8.367247663223601251e+00 -9.634995101840021503e-01
2.209590964607465224e+01 8.180047877614388341e+00 -9.359989280460625505e-01
2.371435306189927417e+01 8.004386280631839767e+00 -8.783079849127446437e-01
2.529913113007546599e+01 7.843394401130105109e+00 -8.049593975086720699e-01
2.685331548040795013e+01 7.698449102194743432e+00 -7.247264946768078309e-01
2.837987768232932950e+01 7.567172917019033385e+00 -6.563809258785513467e-01
2.988133357373873622e+01 7.447385997075051556e+00 -5.989345997199082561e-01
3.135997497382478016e+01 7.339028003785380783e+00 -5.417899664483556421e-01
3.281816635523581027e+01 7.242885810324922957e+00 -4.807109673022873508e-01
3.425716877553379902e+01 7.147138392654952099e+00 -4.787370883498551777e-01
3.567593069506602887e+01 7.040480802667338445e+00 -5.332879499380662747e-01
3.707057748251151708e+01 6.905987071787532905e+00 -6.724686543990272547e-01
3.843452805556510299e+01 6.733518658748341323e+00 -8.623420651959576855e-01
3.975999180311785608e+01 6.521118816779229554e+00 -1.061999209845559289e+00
4.103908302707625921e+01 6.269793422804789351e+00 -1.256626969872201238e+00
4.226479291136458016e+01 5.987305420078382845e+00 -1.412440013632032532e+00
4.343265273292422535e+01 5.691292795518022807e+00 -1.480063122801799746e+00
4.454231368656876100e+01 5.405316740927403885e+00 -1.429880272953094389e+00
4.560382713148295863e+01 5.209817708214559140e+00 -9.774951635642228354e-01
4.663104678426626037e+01 5.062378819618417403e+00 -7.371944429807089083e-01
4.762897441236750495e+01 4.916897461394037272e+00 -7.274067911219018745e-01
4.859520570567315190e+01 4.745415471662428608e+00 -8.574099486580412099e-01
4.952333646333536166e+01 4.535892104959695637e+00 -1.047616833513664858e+00
5.040570460504013539e+01 4.287789312088034599e+00 -1.240513964358304522e+00
5.123609150839557458e+01 4.016079721466394581e+00 -1.358547953108199202e+00
5.201960263952491204e+01 3.819031589826960449e+00 -9.852406581971708821e-01
5.277190074545137577e+01 3.703949469437631592e+00 -5.754106019466451727e-01
5.350937902842497351e+01 3.670833360298407566e+00 -1.655805456961194633e-01
5.424824873395196079e+01 3.717863694971415445e+00 2.351516733650389490e-01
5.500241484125943003e+01 3.823797378103285460e+00 5.296684156593490789e-01
5.578188430392513908e+01 3.970897248553852954e+00 7.354993522528372463e-01
5.659361616242794213e+01 4.146421336474150010e+00 8.776204396014858355e-01
5.744243744890722780e+01 4.341791528318677429e+00 9.768509592226379823e-01
5.833154175477583436e+01 4.549251530367426355e+00 1.037300010243742854e+00
5.926260886965247465e+01 4.761419618398955222e+00 1.060840440157643005e+00
6.023598284130260083e+01 4.972320098102294139e+00 1.054502398516696138e+00
6.125097842687511474e+01 5.177635757622866208e+00 1.026578297602861900e+00
6.230618339471534739e+01 5.374413920779459453e+00 9.838908157829654444e-01
6.339969399082978185e+01 5.560692040364894062e+00 9.313905979271737134e-01
6.452929446128622715e+01 5.735312664199498478e+00 8.731031191730239671e-01
6.569258423943746550e+01 5.897585117312976521e+00 8.113622655673895512e-01
6.688704579459798083e+01 6.047030434292155476e+00 7.472265848958938861e-01
6.811001721311326662e+01 6.182683750860686445e+00 6.782665828426528432e-01
6.935855838841536070e+01 6.302728002160300491e+00 6.002212564980689002e-01
7.062921950328416187e+01 6.403883146527718395e+00 5.057757218370887431e-01
7.191834143947319546e+01 6.487336215362573988e+00 4.172653441742762426e-01
7.322267075685249438e+01 6.555956958430389392e+00 3.431037153390788519e-01
7.454018465294629436e+01 6.619182002507564277e+00 3.161252203858758714e-01
7.587053256152155711e+01 6.684297083245053450e+00 3.255754036874440871e-01
7.721445942156573494e+01 6.754971517196781683e+00 3.533721697586424959e-01
7.857294009443759819e+01 6.829835211521809946e+00 3.743184716251399258e-01
7.994680180893836052e+01 6.908781933485880877e+00 3.947336098203559906e-01
8.133645896007745080e+01 6.987789577904955252e+00 3.950382220953738699e-01
8.274167925270366197e+01 7.064413348357188482e+00 3.831188522611643776e-01
8.416170889561601598e+01 7.135883080766277864e+00 3.573486620454476848e-01
8.559532498765963737e+01 7.200277839669978697e+00 3.219737945185060513e-01
8.704106604878519704e+01 7.257132771585660613e+00 2.842746595784113595e-01
8.849744457436459300e+01 7.306652484208338016e+00 2.475985631133884035e-01
8.996306463035554657e+01 7.349548075701117789e+00 2.144779574639004149e-01
9.143667948677847335e+01 7.386600488528231701e+00 1.852620641355691433e-01
9.291792584592877802e+01 7.425863102974752827e+00 1.963130722326038302e-01
9.440712701506822668e+01 7.466148588419789789e+00 2.014274272251831699e-01
9.590439415854037009e+01 7.506522846301593610e+00 2.018712894090183285e-01
9.740967278840452082e+01 7.546263452339914579e+00 1.987030301916038189e-01
9.892278152398660040e+01 7.584823903480968355e+00 1.928022557052669061e-01
1.004434442109713359e+02 7.621802966366242771e+00 1.848953144263718040e-01
1.019713163571996546e+02 7.656918495916987588e+00 1.755776477537223101e-01
1.035060067226924332e+02 7.689985159010853444e+00 1.653333154693302498e-01
1.050470947945220530e+02 7.720895559285279042e+00 1.545520013721263242e-01
1.065941447819493533e+02 7.749604314987754705e+00 1.435437785123775400e-01
1.081467166827196138e+02 7.776114692714878096e+00 1.325518886356170378e-01
1.097043748965998589e+02 7.800467446087507639e+00 1.217637668631498804e-01
1.112666947962257495e+02 7.822731550171384995e+00 1.113205204193867259e-01
1.128332676072487999e+02 7.842996560059222411e+00 1.013250494391888246e-01
1.144037038988323189e+02 7.861366355775980530e+00 9.184897858378943125e-02
1.159776359409947446e+02 7.877954065848244092e+00 8.293855036131746183e-02
1.175547191464576287e+02 7.892877988780565346e+00 7.461961466160418888e-02
1.191346327808943357e+02 7.906258355586499142e+00 6.690183402966712323e-02
1.207170800962228157e+02 7.918214797698269081e+00 5.978221055885186985e-02
1.223017880163207565e+02 7.928864403281078665e+00 5.324802791404707053e-02
1.238885064827934173e+02 7.938320261445532822e+00 4.727929082226857427e-02
1.254770075497687856e+02 7.946690408308177744e+00 4.185073431322614695e-02
1.270670843007499400e+02 7.954077101503338021e+00 3.693346597580036972e-02
1.286585496469793384e+02 7.960576360790849293e+00 3.249629643755567315e-02
1.302512350552594285e+02 7.966277722009848183e+00 2.850680609499628773e-02
1.318449892434563253e+02 7.971264159959122075e+00 2.493218974636902951e-02
1.334396768737508410e+02 7.975612142985903041e+00 2.173991513390460123e-02
1.350351772668764170e+02 7.979391788269859731e+00 1.889822641978263981e-02
1.366313831549150848e+02 7.982667092116915164e+00 1.637651923527921882e-02
1.382281994855403582e+02 7.985496214135979542e+00 1.414561009532069868e-02
