0.00 10.00 0.00
0.20 9.94 -0.29
0.40 9.84 -0.50
0.60 9.71 -0.65
0.80 9.56 -0.74
1.00 9.41 -0.79
1.20 9.24 -0.81
1.40 9.08 -0.81
1.60 8.92 -0.79
1.80 8.75 -0.87
2.00 8.56 -0.94
2.20 8.37 -0.96
2.40 8.18 -0.94
2.60 8.00 -0.88
2.80 7.84 -0.80
3.00 7.70 -0.72
3.20 7.57 -0.66
3.40 7.45 -0.60
3.60 7.34 -0.54
3.80 7.24 -0.48
4.00 7.15 -0.48
4.20 7.04 -0.53
4.40 6.91 -0.67
4.60 6.73 -0.86
4.80 6.52 -1.06
5.00 6.27 -1.26
5.20 5.99 -1.41
5.40 5.69 -1.48
5.60 5.41 -1.43
5.80 5.21 -0.98
6.00 5.06 -0.74
6.20 4.92 -0.73
6.40 4.75 -0.86
6.60 4.54 -1.05
6.80 4.29 -1.24
7.00 4.02 -1.36
7.20 3.82 -0.99
7.40 3.70 -0.58
7.60 3.67 -0.17
7.80 3.72 0.24
8.00 3.82 0.53
8.20 3.97 0.74
8.40 4.15 0.88
8.60 4.34 0.98
8.80 4.55 1.04
9.00 4.76 1.06
9.20 4.97 1.05
9.40 5.18 1.03
9.60 5.37 0.98
9.80 5.56 0.93
10.00 5.74 0.87
10.20 5.90 0.81
10.40 6.05 0.75
10.60 6.18 0.68
10.80 6.30 0.60
11.00 6.40 0.51
11.20 6.49 0.42
11.40 6.56 0.34
11.60 6.62 0.32
11.80 6.68 0.33
12.00 6.75 0.35
12.20 6.83 0.37
12.40 6.91 0.39
12.60 6.99 0.40
12.80 7.06 0.38
13.00 7.14 0.36
13.20 7.20 0.32
13.40 7.26 0.28
13.60 7.31 0.25
13.80 7.35 0.21
14.00 7.39 0.19
14.20 7.43 0.20
14.40 7.47 0.20
14.60 7.51 0.20
14.80 7.55 0.20
15.00 7.58 0.19
15.20 7.62 0.18
15.40 7.66 0.18
15.60 7.69 0.17
15.80 7.72 0.15
16.00 7.75 0.14
16.20 7.78 0.13
16.40 7.80 0.12
16.60 7.82 0.11
16.80 7.84 0.10
17.00 7.86 0.09
17.20 7.88 0.08
17.40 7.89 0.07
17.60 7.91 0.07
17.80 7.92 0.06
18.00 7.93 0.05
18.20 7.94 0.05
18.40 7.95 0.04
18.60 7.95 0.04
18.80 7.96 0.03
19.00 7.97 0.03
19.20 7.97 0.02
19.40 7.98 0.02
19.60 7.98 0.02
19.80 7.98 0.02
20.00 7.99 0.01
