0.000000000000000000e+00 1.200000000000000000e+01 0.000000000000000000e+00
2.391803398874991160e+00 1.191803398874989561e+01 -4.098300562505258204e-01
4.759304720267785171e+00 1.175697922517806582e+01 -8.052738178591458684e-01
7.089127622842099186e+00 1.154124980056509209e+01 -1.078647123064871094e+00
9.372220384689633477e+00 1.128967781791022595e+01 -1.257859913274330887e+00
1.160281312513626517e+01 1.101624958655612474e+01 -1.367141156770508292e+00
1.377742981161781444e+01 1.072991727825933950e+01 -1.431661541483925992e+00
1.589457011940648101e+01 1.044148579962733514e+01 -1.442157393160022671e+00
1.795020254864407860e+01 1.011483849274862479e+01 -1.633236534393554207e+00
1.993908813250060064e+01 9.774017345816567115e+00 -1.704105734660290139e+00
2.185992625627382324e+01 9.434363891915653610e+00 -1.698267269504569299e+00
2.371414205614225779e+01 9.107794106768674069e+00 -1.632848925734895484e+00
2.550512232562762449e+01 8.802008588085008967e+00 -1.528927593418321074e+00
2.723746083613972502e+01 8.521376517035976761e+00 -1.403160355245162361e+00
2.891620325440909767e+01 8.266047665657749732e+00 -1.276644256891133811e+00
3.054632387123316306e+01 8.035158502582921969e+00 -1.154445815374142370e+00
3.213324050340141014e+01 7.834007819099506165e+00 -1.005753417417079243e+00
3.368187588344103744e+01 7.652345981296788224e+00 -9.083091890135889246e-01
3.519441695070302956e+01 7.473064691323116904e+00 -8.964064498683559368e-01
3.667004028585053277e+01 7.283168660151936535e+00 -9.494801558559017307e-01
3.810497523265588171e+01 7.066180807901529803e+00 -1.084939261252032328e+00
3.949308887358349551e+01 6.814955601374626859e+00 -1.256126032634515166e+00
4.082752386934664912e+01 6.529394356256909226e+00 -1.427806225588588829e+00
4.210211800615621769e+01 6.216547011838766679e+00 -1.564236722090712295e+00
4.331296843026667887e+01 5.891957229265885054e+00 -1.622948912864408122e+00
4.445973775106326542e+01 5.575735978699934314e+00 -1.581106252829751702e+00
4.555236664545684278e+01 5.350552965235837455e+00 -1.125915067320485186e+00
4.660527610898627415e+01 5.178541670058457669e+00 -8.600564758868980419e-01
4.762437557807571409e+01 5.012453020835966555e+00 -8.304432461124546805e-01
4.860816087935273799e+01 4.825399991934249400e+00 -9.352651445085836679e-01
4.955085356665347973e+01 4.601526881073223052e+00 -1.119365554305131072e+00
5.044513003849771593e+01 4.341237837369130936e+00 -1.301445218520459468e+00
5.128498802182613758e+01 4.057341995915059840e+00 -1.419479207270354593e+00
5.207662988209628452e+01 3.859076606786416619e+00 -9.913269456432151072e-01
5.283681526566571307e+01 3.742777228907878673e+00 -5.814968893926893978e-01
5.358193737478444518e+01 3.708443862279446002e+00 -1.716668331421636884e-01
5.432816361964871987e+01 3.753818586363252052e+00 2.268736204190304750e-01
5.508931341134285731e+01 3.857679330578132948e+00 5.193037210744043675e-01
5.587533496329712790e+01 4.002536188964613828e+00 7.242842919324052886e-01
5.669317911656889919e+01 4.175905343753106180e+00 8.668457739424605402e-01
5.754769763633701984e+01 4.369279853928096813e+00 9.668725508749542730e-01
5.844209942659103518e+01 4.574738048612001506e+00 1.027290973419523024e+00
5.937805862911334742e+01 4.784853976611113779e+00 1.050579639995561365e+00
6.035591479800748260e+01 4.993707712330273552e+00 1.044268678595797750e+00
6.137498935674087619e+01 5.197037875003645446e+00 1.016650813366858142e+00
6.243387797749679891e+01 5.391848332555599477e+00 9.740522877597705964e-01
6.353069315164862729e+01 5.576303408962678176e+00 9.222753820353934984e-01
6.466324583550724014e+01 5.749223429623380177e+00 8.646001033035086714e-01
6.582916146424112469e+01 5.909932857715585186e+00 8.035471404610269319e-01
6.702594427501766461e+01 6.057895250049756264e+00 7.398119616708546120e-01
6.825093467416282067e+01 6.192008741401784810e+00 6.705674567601439540e-01
6.950116365126515916e+01 6.310281029621555682e+00 5.913614410988560222e-01
7.077313160953781335e+01 6.409398553105002172e+00 4.955876174172311188e-01
7.206315194464785634e+01 6.490804797995417985e+00 4.070312244520789546e-01
7.336806419833905579e+01 6.558317738916567663e+00 3.375647046057496103e-01
7.468603660213631201e+01 6.621406299056071809e+00 3.154428006975190657e-01
7.601689528886285530e+01 6.687180568209297959e+00 3.288713457661310291e-01
7.736145931165830802e+01 6.758459659745341241e+00 3.563954576802148555e-01
7.872070747704802329e+01 6.834021994151824764e+00 3.778116720324181665e-01
8.009544966790666365e+01 6.913399914434527282e+00 3.968896014135105954e-01
8.148603897430039922e+01 6.992493149502790217e+00 3.954661753413145631e-01
8.289218704189592302e+01 7.068987526452433556e+00 3.824718847482151407e-01
8.431308910565084602e+01 7.140033111096848906e+00 3.552279232220772465e-01
8.574748313860591509e+01 7.203907218453718286e+00 3.193705367843452381e-01
8.719389571498562930e+01 7.260218545343424701e+00 2.815566344485339600e-01
8.865084176954536588e+01 7.309242000254017491e+00 2.451172745529626718e-01
9.011693703116955589e+01 7.351710615987899544e+00 2.123430786694083250e-01
9.159168408342314649e+01 7.395759906547953122e+00 2.202464528002694988e-01
9.307528637318847586e+01 7.440262991105421442e+00 2.225154227873425150e-01
9.456774690425501717e+01 7.484342319559894818e+00 2.203966422723689922e-01
9.606891393839413240e+01 7.527328021831327654e+00 2.149285113571634820e-01
9.757851895583252144e+01 7.568722152552432192e+00 2.069706536055215818e-01
9.909620798181812518e+01 7.608168107303677097e+00 1.972297737562236364e-01
1.006215672487306563e+02 7.645424561821639209e+00 1.862822725898093668e-01
1.021541440404122341e+02 7.680343354994037419e+00 1.745939658619929391e-01
1.036934634559189163e+02 7.712850800072840407e+00 1.625372253940130240e-01
1.052390417325861733e+02 7.742931966599780225e+00 1.504058326346978391e-01
1.067903966820766186e+02 7.770617528304704535e+00 1.384278085246228862e-01
1.083470557169068798e+02 7.795972819997770920e+00 1.267764584653324755e-01
1.099085618778610041e+02 7.819088789543545914e+00 1.155798477288743215e-01
1.114744782137854600e+02 7.840074569700941076e+00 1.049289007869751156e-01
1.130443908136817868e+02 7.859051429262392752e+00 9.488429780725765594e-02
1.146179107459930151e+02 7.876147893849819503e+00 8.548232293713207974e-02
1.161946751208016053e+02 7.891495854236206142e+00 7.673980193193286059e-02
1.177743474566713076e+02 7.905227504460722976e+00 6.865825112258243379e-02
1.193566175044751958e+02 7.917472973578152384e+00 6.122734558714749281e-02
1.209412006552230139e+02 7.928358533900026650e+00 5.442780160937230050e-02
1.225278370371428167e+02 7.938005285297994540e+00 4.823375698983933813e-02
1.241162903886510946e+02 7.946528229784721731e+00 4.261472243363736978e-02
1.257063467779677097e+02 7.954035663381483268e+00 3.753716798380954400e-02
1.272978132266483158e+02 7.960628823424523937e+00 3.296580021520233161e-02
1.288905162829045139e+02 7.966401739137313420e+00 2.886457856394753635e-02
1.304843005809852059e+02 7.971441241669795730e+00 2.519751266241055179e-02
1.320790274148551759e+02 7.975827097029953627e+00 2.192927680079113928e-02
1.336745733477126237e+02 7.979632231544337095e+00 1.902567257191894318e-02
1.352708288733476252e+02 7.982923024805753442e+00 1.645396630708206506e-02
1.368676971407890619e+02 7.985759649608702659e+00 1.418312401474783151e-02
1.384650927499734507e+02 7.988196442235174999e+00 1.218396313236387585e-02
1.400629406231693110e+02 7.990282289723253939e+00 1.042923744039601225e-02
1.416611749544923100e+02 7.992061023506910722e+00 8.893668918283529484e-03
1.432597382379556734e+02 7.993571811126786386e+00 7.553938099378753115e-03
