array([[ 7.47917903,  7.01165796,  3.36430454],
       [ 7.12629244,  7.69694348,  3.69750098],
       [ 7.56309105,  8.24351642,  3.856127  ],
       [ 7.83186655,  8.29773366,  3.57260626],
       [ 7.86116255,  8.05753274,  3.90248703],
       [ 7.67010794, 10.30943611,  5.0201155 ],
       [ 7.54662709,  6.30783534,  2.486413  ],
       [10.96232763,  7.22872115,  2.5037189 ],
       [10.24079096,  6.65329926,  2.10967413],
       [10.49970347,  6.87377793,  2.44030763],
       [10.52270704, 15.31227604,  7.18412924],
       [ 9.56981578, 12.29115643,  4.89316444],
       [10.05421919,  6.76503365,  2.06428255],
       [10.28882398,  7.88348669,  3.10036112],
       [10.8462623 , 14.40022656,  6.57408563],
       [ 9.9284694 , 14.48529662,  6.75077857],
       [10.52316426, 11.6310839 ,  3.83712117],
       [10.17880652, 14.58673901,  8.15155814],
       [10.91807039, 11.81320975,  4.46686127],
       [ 8.71875214, 15.20070307,  8.6024531 ],
       [10.60006684, 12.06220461,  4.53248668],
       [ 9.50495733, 12.12383855,  4.30559147],
       [10.63610954, 14.06553806,  5.76196553],
       [10.3729199 , 16.18892637,  9.15367882],
       [10.40190131, 14.09058227,  6.27748813],
       [ 9.32395435, 13.69822964,  5.79144548],
       [10.29190381, 15.77046698,  8.95586362],
       [ 6.46993778, 13.57177277,  6.95236022],
       [ 7.24460427,  7.07447683,  3.42334458],
       [ 7.62225684, 10.69352383,  4.48406299],
       [ 7.38347538,  6.80139344,  3.19731402],
       [ 7.96803109, 12.75184888,  5.08435535],
       [ 7.09290855,  8.75170933,  3.70451408],
       [ 7.58118782,  6.58154554,  2.98599847],
       [ 7.7582369 ,  6.77395866,  3.09347007],
       [ 7.4533007 ,  7.61306659,  3.53414771],
       [14.71748997,  8.96280223,  3.07109993],
       [14.90717033,  7.57006958,  1.91515834],
       [15.72104818, 10.90393975,  4.13020142],
       [14.11097134, 12.42200874,  4.84105743],
       [15.08723759, 13.33011053,  5.24743054],
       [15.4645333 , 10.64882834,  3.74998057],
       [14.46250496,  9.52613124,  3.28065025],
       [15.32737658,  8.1288688 ,  2.12538869],
       [15.96674539,  9.16155204,  2.51572484],
       [15.99615659,  8.64403355,  2.17737866],
       [15.91195188,  8.3465818 ,  1.88832113],
       [ 9.50595056, 10.51894712,  4.23217775],
       [10.95219686,  9.10414559,  3.73847496],
       [ 9.59660864, 12.29557623,  5.17568131],
       [ 9.63583414, 10.03575494,  4.44435844],
       [10.32871692,  9.77605857,  2.97192203],
       [10.01508783,  7.17501952,  2.79035287],
       [10.36998767,  9.97813719,  2.51807689],
       [10.55756091,  6.5912188 ,  2.06169348],
       [10.89455368,  6.50746021,  1.86641332],
       [ 9.86399877,  7.76842256,  3.08989742],
       [10.1842792 ,  6.71403794,  1.95923948],
       [10.33923785, 16.02804014,  7.77855134],
       [10.56716044, 15.56172226,  7.41189973],
       [ 9.31198888, 14.18234387,  6.50122048],
       [ 9.03888307, 16.3597764 ,  9.17147063],
       [ 9.34365069, 15.20231846,  8.19254129],
       [ 9.46545554, 12.54499814,  4.73095792],
       [10.22812887,  7.71554022,  2.84512743],
       [10.97683559,  8.30791773,  2.88301028],
       [10.23434264,  7.29991022,  2.68373688],
       [10.5176593 ,  6.29104801,  1.63038439],
       [10.27443861,  7.05237806,  2.35093274],
       [ 9.91513397,  8.09675551,  3.23575448],
       [10.15831794,  6.72963347,  1.869788  ],
       [ 7.4763145 , 13.55954634,  6.89827875],
       [ 7.22568203, 15.24816871,  8.51639106],
       [ 7.55288873, 15.56541892,  7.33558252],
       [ 7.69475361,  8.31695913,  3.79715083],
       [ 7.86767031,  8.77851356,  3.63266151],
       [ 6.8032811 ,  9.62670071,  4.89713401],
       [ 7.91043701,  7.2484671 ,  3.17632821],
       [ 7.39922999,  7.03984466,  3.2392589 ]])