0.000000000000000000e+00 8.000000000000000000e+00 0.000000000000000000e+00
1.600000000000001643e+00 8.000000000000000000e+00 0.000000000000000000e+00
3.198508062841995070e+00 7.985080628419932047e+00 -7.459685790033912522e-02
4.792953482728932180e+00 7.959373570449439939e+00 -1.285352898524625975e-01
6.381514099368747139e+00 7.926232595948743409e+00 -1.657048725034847014e-01
7.962966912149162191e+00 7.888295531855385789e+00 -1.896853204667863224e-01
9.536558038975577745e+00 7.847615736408775078e+00 -2.033989772330516144e-01
1.110189672205321898e+01 7.805771094367633722e+00 -2.092232102057083876e-01
1.265886927280504715e+01 7.763954413150629286e+00 -2.090834060850231824e-01
1.420756953388424648e+01 7.723048197641339208e+00 -2.045310775464497799e-01
1.574824301521818093e+01 7.683686615698027467e+00 -1.968079097165581492e-01
1.728124232475116173e+01 7.646306479631783226e+00 -1.869006803312223686e-01
1.880699189060574028e+01 7.611189178914027131e+00 -1.755865035887786418e-01
2.032596031021596872e+01 7.578495017188241256e+00 -1.634708086289272666e-01
2.183863893248967614e+01 7.548291205548801841e+00 -1.510190581971957435e-01
2.334609928438854709e+01 7.526312313439921020e+00 -1.098944605444024947e-01
2.484982819683350996e+01 7.510976811009719256e+00 -7.667751215100937490e-02
2.635102023303316443e+01 7.500943550986799657e+00 -5.016630011459891070e-02
2.785062970571996033e+01 7.495151175881167305e+00 -2.896187552816094010e-02
2.934941238809718911e+01 7.492675647891123170e+00 -1.237763995022098801e-02
3.084735694857999277e+01 7.486769956936886850e+00 -2.952845477118024725e-02
3.234387135092388377e+01 7.478374066502076367e+00 -4.197945217405178731e-02
3.383851096993658558e+01 7.468022123624900033e+00 -5.175971438588313628e-02
3.533085788562097918e+01 7.455447033219019914e+00 -6.287545202939995304e-02
3.682027533783107742e+01 7.438727488882005190e+00 -8.359772168507173529e-02
3.830546353912814084e+01 7.413154524088619191e+00 -1.278648239669303854e-01
3.978383004732256012e+01 7.370510557855522116e+00 -2.132198311654849299e-01
4.125075680926550348e+01 7.298757061573946103e+00 -3.587674814078778973e-01
4.269904850318748402e+01 7.184159877645853065e+00 -5.729859196404641919e-01
4.411900800266470668e+01 7.015435117126418874e+00 -8.436238025971725119e-01
4.549968460212802768e+01 6.791330877506781327e+00 -1.120521198098186177e+00
4.683180291695038733e+01 6.529852270716778762e+00 -1.307393033950015049e+00
4.811457074604638251e+01 6.297826020243252998e+00 -1.160131252367626598e+00
4.935912992617269168e+01 6.147765781019832509e+00 -7.503011961171008881e-01
5.058187365957932968e+01 6.079671553046517296e+00 -3.404711398665751787e-01
5.179760905220011580e+01 6.077682373161384710e+00 -9.945899425665094551e-03
5.301582048659582114e+01 6.104431970795700657e+00 1.337479881715811503e-01
5.424083590834491986e+01 6.145722246695258129e+00 2.064513794977885230e-01
5.547470199479416664e+01 6.192938617797186573e+00 2.360818555096426685e-01
5.671909835808084210e+01 6.251025015069564539e+00 2.904319863618898268e-01
5.797571757084737243e+01 6.315167112595761800e+00 3.207104876309850305e-01
5.924520709326085921e+01 6.379728111539130886e+00 3.228049947168473710e-01
6.052699238111772218e+01 6.438124767029445472e+00 2.919832774515747631e-01
6.181923765695688644e+01 6.484327991362139443e+00 2.310161216634710191e-01
6.311926949778995777e+01 6.515990416968611143e+00 1.583121280323602775e-01
6.442544196321190952e+01 6.545734237251017440e+00 1.487191014120301524e-01
6.573866929652538715e+01 6.586539095883670036e+00 2.040242931632632317e-01
6.706131792896884747e+01 6.639947228550964198e+00 2.670406633364706406e-01
6.839546362103489230e+01 6.701509692109468119e+00 3.078123177925218279e-01
6.974224923772030138e+01 6.766346474744681316e+00 3.241839131760673176e-01
7.110194375285355761e+01 6.830598676587800178e+00 3.212610092155924746e-01
7.247410083366071376e+01 6.890972131483885654e+00 3.018672744804257735e-01
7.385778420294597879e+01 6.945861561368561254e+00 2.744471494233786668e-01
7.525183123928945861e+01 6.994608802066331954e+00 2.437362034888531093e-01
7.665502447942496644e+01 7.037323599288737519e+00 2.135739861120298511e-01
7.806620870897144471e+01 7.074518696175939425e+00 1.859754844360115844e-01
7.948434102128571510e+01 7.106804426966752963e+00 1.614286539540694954e-01
8.090849822128468816e+01 7.134767573023082399e+00 1.398157302816475100e-01
8.233911451333840148e+01 7.171395347513978891e+00 1.831388724544816826e-01
8.377766134309426604e+01 7.214072950044753796e+00 2.133880126538735822e-01
8.522513636034192075e+01 7.260677222431856315e+00 2.330213619355107901e-01
8.668215421763655115e+01 7.309501350514391760e+00 2.441206404126784468e-01
8.814902330397100627e+01 7.359189512830011104e+00 2.484408115780982196e-01
8.962581028947599293e+01 7.408680342220021586e+00 2.474541469500531055e-01
9.111239414089730815e+01 7.457158171993268247e+00 2.423891488662347216e-01
9.260851107185980879e+01 7.504011137631434458e+00 2.342648281908317198e-01
9.411379171540794175e+01 7.548795297849907548e+00 2.239208010923649794e-01
9.562779164769415274e+01 7.591204025012426193e+00 2.120436358125940279e-01
9.715001624964070004e+01 7.631041994452849586e+00 1.991898472021170485e-01
9.867994076661730674e+01 7.668203175313126785e+00 1.858059043013860490e-01
1.002170263133762091e+02 7.702652292275938173e+00 1.722455848140586609e-01
1.017607324714365120e+02 7.734409288327221965e+00 1.587849802564202106e-01
1.033105270376436096e+02 7.763536373743717967e+00 1.456354270824788966e-01
1.048658934046386406e+02 7.790127296206557972e+00 1.329546123141984171e-01
1.064263359854244442e+02 7.814298511651461610e+00 1.208560772245176329e-01
1.079913840341438060e+02 7.836181975542176659e+00 1.094173194535767307e-01
1.095605941627037367e+02 7.855919310057103644e+00 9.868667257463627218e-02
1.111335518071656736e+02 7.873657134562195736e+00 8.868912252546029551e-02
1.127098718581265331e+02 7.889543375046565998e+00 7.943120242184910362e-02
1.142891986349557669e+02 7.903724393245650681e+00 7.090509099542127713e-02
1.158712053541080849e+02 7.916342798277628212e+00 6.309202515988811266e-02
1.174555932162419083e+02 7.927535823060521736e+00 5.596512391446773621e-02
1.190420902150308535e+02 7.937434164828876426e+00 4.949170884177211960e-02
1.206304497519116694e+02 7.946161203979169585e+00 4.363519575146530827e-02
1.222204491251567333e+02 7.953832528471606267e+00 3.835662246218129318e-02
1.238118879482351815e+02 7.960555702313001802e+00 3.361586920697852421e-02
1.254045865411097935e+02 7.966430226432983375e+00 2.937262059990716073e-02
1.269983843286248941e+02 7.971547648718047441e+00 2.558711142532110391e-02
1.285931382722209833e+02 7.975991787242945996e+00 2.222069262449369309e-02
1.301887213546431497e+02 7.979839036978588318e+00 1.923624867821180362e-02
1.317850211318998106e+02 7.983158735587989163e+00 1.659849304700357353e-02
1.333819383623046804e+02 7.986013568461105550e+00 1.427416436557978757e-02
1.349793857188495849e+02 7.988459996987773870e+00 1.223214263334047522e-02
1.365772865882799749e+02 7.990548697316175897e+00 1.044350164201067986e-02
1.381755739579688509e+02 7.992324999572813837e+00 8.881511283188602696e-03
1.397741893899061836e+02 7.993829319800039634e+00 7.521601136129157580e-03
1.413730820797623267e+02 7.995097578761485302e+00 6.341294807226632683e-03
1.429722079979713953e+02 7.996161603329357881e+00 5.320122839360974867e-03
1.445715291090492371e+02 7.997049507448835470e+00 4.439520597388763208e-03
1.461710126648657138e+02 7.997786050715843587e+00 3.682716335042599074e-03
1.477706305672815006e+02 7.998392973442063791e+00 3.034613631100839797e-03
