0.00 8.00 0.00
0.20 8.00 0.00
0.40 7.99 -0.07
0.60 7.96 -0.13
0.80 7.93 -0.17
1.00 7.89 -0.19
1.20 7.85 -0.20
1.40 7.81 -0.21
1.60 7.76 -0.21
1.80 7.72 -0.20
2.00 7.68 -0.20
2.20 7.65 -0.19
2.40 7.61 -0.18
2.60 7.58 -0.16
2.80 7.55 -0.15
3.00 7.53 -0.11
3.20 7.51 -0.08
3.40 7.50 -0.05
3.60 7.50 -0.03
3.80 7.49 -0.01
4.00 7.49 -0.03
4.20 7.48 -0.04
4.40 7.47 -0.05
4.60 7.46 -0.06
4.80 7.44 -0.08
5.00 7.41 -0.13
5.20 7.37 -0.21
5.40 7.30 -0.36
5.60 7.18 -0.57
5.80 7.02 -0.84
6.00 6.79 -1.12
6.20 6.53 -1.31
6.40 6.30 -1.16
6.60 6.15 -0.75
6.80 6.08 -0.34
7.00 6.08 -0.01
7.20 6.10 0.13
7.40 6.15 0.21
7.60 6.19 0.24
7.80 6.25 0.29
8.00 6.32 0.32
8.20 6.38 0.32
8.40 6.44 0.29
8.60 6.48 0.23
8.80 6.52 0.16
9.00 6.55 0.15
9.20 6.59 0.20
9.40 6.64 0.27
9.60 6.70 0.31
9.80 6.77 0.32
10.00 6.83 0.32
10.20 6.89 0.30
10.40 6.95 0.27
10.60 6.99 0.24
10.80 7.04 0.21
11.00 7.07 0.19
11.20 7.11 0.16
11.40 7.13 0.14
11.60 7.17 0.18
11.80 7.21 0.21
12.00 7.26 0.23
12.20 7.31 0.24
12.40 7.36 0.25
12.60 7.41 0.25
12.80 7.46 0.24
13.00 7.50 0.23
13.20 7.55 0.22
13.40 7.59 0.21
13.60 7.63 0.20
13.80 7.67 0.19
14.00 7.70 0.17
14.20 7.73 0.16
14.40 7.76 0.15
14.60 7.79 0.13
14.80 7.81 0.12
15.00 7.84 0.11
15.20 7.86 0.10
15.40 7.87 0.09
15.60 7.89 0.08
15.80 7.90 0.07
16.00 7.92 0.06
16.20 7.93 0.06
16.40 7.94 0.05
16.60 7.95 0.04
16.80 7.95 0.04
17.00 7.96 0.03
17.20 7.97 0.03
17.40 7.97 0.03
17.60 7.98 0.02
17.80 7.98 0.02
18.00 7.98 0.02
18.20 7.99 0.01
18.40 7.99 0.01
18.60 7.99 0.01
18.80 7.99 0.01
19.00 7.99 0.01
19.20 8.00 0.01
19.40 8.00 0.01
19.60 8.00 0.00
19.80 8.00 0.00
20.00 8.00 0.00
