0.000000000000000000e+00 6.000000000000000000e+00 0.000000000000000000e+00
1.203478260869562000e+00 6.034782608695651973e+00 1.739130434782607815e-01
2.415662961410547371e+00 6.087064396714169767e+00 2.614089400925874718e-01
3.639491656015835463e+00 6.151222549338747569e+00 3.207907631228898993e-01
4.876901794756552277e+00 6.222878838068442775e+00 3.582814436484757503e-01
6.129051206280532682e+00 6.298615277171384363e+00 3.786821955147094410e-01
7.396492939379100129e+00 6.375802053814308756e+00 3.859338832146222420e-01
8.679318343317808271e+00 6.452451985572759341e+00 3.832496587922523679e-01
9.977273360467281194e+00 6.527098185921957452e+00 3.732310017459908869e-01
1.128985236334278852e+01 6.598691842833088295e+00 3.579682845556559911e-01
1.261637326882322618e+01 6.666517211971287438e+00 3.391268456909969919e-01
1.395603711819089909e+01 6.730121281705463865e+00 3.180203486708830796e-01
1.530797483513029000e+01 6.789255887688446123e+00 2.956730299149133434e-01
1.667128345778730747e+01 6.843830338881721431e+00 2.728722559663774305e-01
1.804505377938498256e+01 6.893872877095044593e+00 2.502126910666149229e-01
1.942839101974044169e+01 6.939499526459590228e+00 2.281332468227292298e-01
2.082042988215663115e+01 6.980889097702270618e+00 2.069478562134027810e-01
2.222092382566178870e+01 7.024050337349327933e+00 2.158061982352867947e-01
2.363009999185356591e+01 7.067711324568458409e+00 2.183049360956534346e-01
2.504796106221881047e+01 7.110899379083943650e+00 2.159402725774241250e-01
2.647433829140267036e+01 7.152872912754635770e+00 2.098676683534625442e-01
2.790894456134191870e+01 7.193189786637852023e+00 2.015843694160821264e-01
2.935141012661082627e+01 7.231465866051227209e+00 1.913803970668738474e-01
3.080069410490645865e+01 7.261373916905070836e+00 1.495402542692167436e-01
3.225526930045102603e+01 7.284378038540599398e+00 1.150206081776444372e-01
3.371386039384824329e+01 7.301532895431580350e+00 8.577428445490396791e-02
3.517532878107181205e+01 7.313150976804142722e+00 5.809040686281218002e-02
3.663844833537827839e+01 7.318044566260460293e+00 2.446794728158922100e-02
3.810149573029735137e+01 7.312429382930301536e+00 -2.807591665079534754e-02
3.956165015603026802e+01 7.289114874398856969e+00 -1.165725426572208345e-01
4.101426253633626118e+01 7.237008928661063933e+00 -2.605297286889645680e-01
4.245225022894082656e+01 7.142867997384588108e+00 -4.707046563823813479e-01
4.386601521359335010e+01 6.994781849140665031e+00 -7.404307412196143856e-01
4.524443469895927450e+01 6.789413004518618955e+00 -1.026844223110232157e+00
4.657737672226791403e+01 6.540007228567765729e+00 -1.247028879754268127e+00
4.786140120880573079e+01 6.300237636810372521e+00 -1.198847958786967371e+00
4.910566837811707330e+01 6.142434056303084589e+00 -7.890179025364416621e-01
5.032657143245197773e+01 6.066596487045901043e+00 -3.791878462859159526e-01
5.153969909811533512e+01 6.064680169587651548e+00 -9.581587291248971905e-03
5.275562931430427938e+01 6.094621992301792801e+00 1.497091135707065701e-01
5.397897571108342163e+01 6.138841975489707892e+00 2.210999159395732883e-01
5.521169413348618349e+01 6.188342248537883172e+00 2.475013652408771803e-01
5.645535424966624305e+01 6.248258913262706216e+00 2.995833236241172148e-01
5.771158600312384834e+01 6.314058621313343167e+00 3.289985402531850900e-01
5.898104479132630473e+01 6.380529260711177209e+00 3.323531969891680982e-01
6.026323642327608354e+01 6.441387058786646413e+00 3.042889903773451366e-01
6.155642656897965281e+01 6.490514398249065842e+00 2.456366973120953090e-01
6.285793429206383109e+01 6.524562832592646799e+00 1.702421717179056770e-01
6.416563722726930052e+01 6.552466519462176286e+00 1.395184343476485733e-01
6.547991327904253467e+01 6.590293998270150944e+00 1.891373940398724807e-01
6.680301937267556411e+01 6.640766938060171931e+00 2.523646989501037718e-01
6.813713787688416801e+01 6.700418104025853694e+00 2.982558298284071485e-01
6.948358642413781183e+01 6.764067368510529477e+00 3.182463224233808008e-01
7.084275778099386400e+01 6.827646200049860781e+00 3.178941576966550775e-01
7.221431435150219613e+01 6.887919505033454293e+00 3.013665249179677263e-01
7.359740551267475439e+01 6.942992106692342347e+00 2.753630082944394930e-01
7.499091207003161230e+01 6.992073466876257193e+00 2.454068009195757016e-01
7.639363347545049976e+01 7.035140587312486815e+00 2.153356021811465570e-01
7.780441331105716074e+01 7.072657768754106122e+00 1.875859072080977019e-01
7.922220127156369074e+01 7.105221836311226724e+00 1.628203377856047851e-01
8.064606593274464785e+01 7.133424775498278692e+00 1.410146959352605589e-01
8.207643450636766147e+01 7.170260960731794420e+00 1.841809261675790010e-01
8.351477251548620018e+01 7.213119130453629069e+00 2.142908486091712195e-01
8.496207236270900864e+01 7.259879341774547079e+00 2.338010566045883309e-01
8.641894406590841982e+01 7.308837690219610828e+00 2.447917422253195197e-01
8.788569193268632773e+01 7.358640977559264940e+00 2.490164366982695610e-01
8.936237904976015045e+01 7.408230193179053735e+00 2.479460780989458657e-01
9.084888124709152635e+01 7.456791780134690129e+00 2.428079347781817998e-01
9.234493200075502273e+01 7.503715756500284328e+00 2.346198818279715825e-01
9.385015956195893239e+01 7.548559855538944596e+00 2.242204951933011725e-01
9.536411744096118071e+01 7.591018934483320102e+00 2.122953947218785276e-01
9.688630923254247307e+01 7.630898981329813147e+00 1.994002342324653898e-01
9.841620864289102144e+01 7.668095122155610177e+00 1.859807041289840424e-01
9.995327546493430759e+01 7.702573098277159858e+00 1.723898806077498458e-01
1.014969681490977678e+02 7.734353743357448963e+00 1.589032254014451917e-01
1.030467535279989448e+02 7.763500045654499360e+00 1.457315114852502091e-01
1.046021141755972934e+02 7.790106430328883391e+00 1.330319233719214345e-01
1.061625538127754140e+02 7.814289941452307708e+00 1.209175556171234178e-01
1.077276011112652725e+02 7.836183043446214747e+00 1.094655099695358846e-01
1.092968121953589247e+02 7.855927797490274145e+00 9.872377022029706073e-02
1.108697720951408314e+02 7.873671200328793418e+00 8.871701419259672705e-02
1.124460953652946245e+02 7.889561501209324312e+00 7.945150440265240366e-02
1.140254260491892921e+02 7.903745337737397847e+00 7.091918264036661812e-02
1.156074371383162571e+02 7.916365553532108024e+00 6.310107897355268780e-02
1.171918296516702611e+02 7.927559580007902618e+00 5.597013237897147109e-02
1.187783314378368118e+02 7.937458281657562509e+00 4.949350824830164863e-02
1.203666957839144942e+02 7.946185179119233943e+00 4.363448730835781109e-02
1.219566998995570231e+02 7.953855977306059089e+00 3.835399093412536486e-02
1.235481433310047237e+02 7.960578337171003938e+00 3.361179932472205256e-02
1.251408463486682052e+02 7.966451839463802642e+00 2.936751146399166346e-02
1.267346483423431778e+02 7.971568097286048094e+00 2.558128911122811711e-02
1.283294062502239967e+02 7.976010981522153820e+00 2.221442118053056081e-02
1.299249930413222671e+02 7.979856929460502180e+00 1.922973969174388703e-02
1.315212962654931630e+02 7.983175312248392608e+00 1.659191393945432316e-02
1.331182166808540615e+02 7.986028841360814923e+00 1.426764556210997383e-02
1.347156669648010165e+02 7.988473998108691632e+00 1.222578373938357568e-02
1.363135705119576926e+02 7.990561473457880481e+00 1.043737674594239113e-02
1.379118603201190751e+02 7.992336608156356270e+00 8.875673492378957641e-03
1.395104779634792180e+02 7.993839825444852387e+00 7.516086442478898955e-03
1.411093726510755459e+02 7.995107050518455161e+00 6.336125368012857778e-03
1.427085003673742563e+02 7.996170112468414359e+00 5.315309749796418362e-03
