0.000000000000000000e+00 1.200000000000000000e+01 0.000000000000000000e+00
2.393043478260866497e+00 1.193043478260869605e+01 -3.478260869565218405e-01
4.763902514333643090e+00 1.177815557811909919e+01 -7.613960224479801031e-01
7.098567302686649150e+00 1.156849230541093831e+01 -1.048316363540801488e+00
9.387533681889687287e+00 1.132117148661943773e+01 -1.236604093957499151e+00
1.162480122294187446e+01 1.105150392390243397e+01 -1.348337813585020584e+00
1.380706634470928762e+01 1.077114729377167457e+01 -1.401783150653800103e+00
1.593307459988455044e+01 1.048893525798096960e+01 -1.411060178953523536e+00
1.800311155587642986e+01 1.021143430193782642e+01 -1.387504780215719657e+00
2.001859492714487132e+01 9.943399410746589950e+00 -1.340174455956185007e+00
2.198174931840119939e+01 9.688144501816665866e+00 -1.276274544649624643e+00
2.389598867817534966e+01 9.454249095924829760e+00 -1.169477029459179196e+00
2.576551655969221244e+01 9.241029719243815777e+00 -1.066096883405073914e+00
2.759507732832479121e+01 9.054577967081939960e+00 -9.322587608093833023e-01
2.938903363788702805e+01 8.884985128540389354e+00 -8.479641927077522512e-01
3.115004683206919012e+01 8.725146813281245528e+00 -7.991915762957157998e-01
3.288013178783396029e+01 8.575702744366450858e+00 -7.472203445739706851e-01
3.458132040358177761e+01 8.436183413111734808e+00 -6.975966562735844700e-01
3.625535293945875992e+01 8.304141945658134460e+00 -6.602073372680041796e-01
3.790316300736535027e+01 8.173958733407687305e+00 -6.509160612522328915e-01
3.952416864756797565e+01 8.036097668618534584e+00 -6.893053239457671566e-01
4.111549546428449275e+01 7.877170498546638200e+00 -7.946358503594831424e-01
4.267140921579349566e+01 7.681967016543437943e+00 -9.760174100159999533e-01
4.418342568846399132e+01 7.438197710161539966e+00 -1.218846531909488551e+00
4.564173147173162448e+01 7.144860122514718803e+00 -1.466687938234107591e+00
4.703866271489771833e+01 6.824452309146274764e+00 -1.602039066842221082e+00
4.837983098662815706e+01 6.587230408158101902e+00 -1.186109504940862980e+00
4.968175147928597823e+01 6.431974518420034315e+00 -7.762794486903372704e-01
5.096081739512118247e+01 6.358684639932072002e+00 -3.664493924398115610e-01
5.223034991433794971e+01 6.336640552235571100e+00 -1.102204384825035688e-01
5.349791282836522299e+01 6.338988588037208771e+00 1.174017900818950799e-02
5.476752549894514033e+01 6.357138117761918394e+00 9.074764862355010064e-02
5.604150774132921242e+01 6.382684306078856729e+00 1.277309415846923091e-01
5.732182545527953010e+01 6.420492833424293444e+00 1.890426367271826613e-01
5.861037078742729278e+01 6.464960488053324461e+00 2.223382731451529204e-01
5.990780230937257755e+01 6.509354731399483285e+00 2.219712167307962836e-01
6.121339561107493665e+01 6.546578285624117477e+00 1.861177711231697118e-01
6.252523436592771588e+01 6.571809262903685500e+00 1.261548863978383395e-01
6.384127666926863043e+01 6.588613770505480360e+00 8.402253800897412084e-02
6.516163158043620740e+01 6.614935341170290251e+00 1.316078533240494230e-01
6.648865794002550444e+01 6.655328254722651771e+00 2.019645677618071011e-01
6.782494436634544854e+01 6.707536008476814970e+00 2.610387687708151661e-01
6.917228398409453405e+01 6.765860169013981462e+00 2.916208026858345681e-01
7.053146688529992048e+01 6.825968843039833089e+00 3.005433701292569149e-01
7.190248124716578104e+01 6.884174775618951081e+00 2.910296628955892917e-01
7.328470702958937011e+01 6.938083048616843662e+00 2.695413649894650709e-01
7.467717504613020196e+01 6.986597116791484652e+00 2.425703408732066690e-01
7.607877859590536218e+01 7.029438380960167265e+00 2.142063208434109023e-01
7.748841572718927750e+01 7.066932931878819879e+00 1.874727545932621808e-01
7.890506918477893805e+01 7.099601644017878854e+00 1.633435606952945429e-01
8.032782945903461780e+01 7.128001098538941704e+00 1.419972726053156664e-01
8.175713789560472833e+01 7.165083267162128067e+00 1.854108431159334491e-01
8.319446835419454089e+01 7.208221318735898109e+00 2.156902578688505712e-01
8.464081875658493459e+01 7.255282705168074386e+00 2.353069321608826647e-01
8.609680236947551180e+01 7.304553423737809581e+00 2.463535928486747240e-01
8.756272494068011270e+01 7.354672288308143457e+00 2.505943228516677168e-01
8.903864957630172228e+01 7.404574067908150425e+00 2.495088980000354506e-01
9.052445102884310302e+01 7.453440457505405625e+00 2.443319479862751387e-01
9.201986086918049068e+01 7.500657945868410614e+00 2.360874418150248899e-01
9.352450483765890965e+01 7.545781738916061521e+00 2.256189652382552535e-01
9.503793350992486921e+01 7.588504983743425747e+00 2.136162241368220749e-01
9.655964727016133509e+01 7.628632618621179695e+00 2.006381743887712954e-01
9.808911645680569791e+01 7.666059247822556877e+00 1.871331460068839381e-01
9.962579743232323892e+01 7.700750507352791985e+00 1.734562976511772325e-01
1.011691452279404047e+02 7.732727448818903504e+00 1.598847073305570410e-01
1.027186233252324428e+02 7.762053524101334645e+00 1.466303764121556774e-01
1.042737110579945465e+02 7.788823803519709266e+00 1.338513970918736584e-01
1.058339090488648822e+02 7.813156105183547417e+00 1.216615083191886493e-01
1.073987430347383452e+02 7.835183753551360653e+00 1.101382418390653845e-01
1.089677663822186702e+02 7.855049721251714523e+00 9.932983850176910212e-02
1.105405615483741428e+02 7.872901940303044910e+00 8.926109525665099076e-02
1.121167407021392819e+02 7.888889597348257787e+00 7.993828522606372111e-02
1.136959456871463772e+02 7.903160252722745582e+00 7.135327687243979422e-02
1.152778474769596642e+02 7.915857645410052434e+00 6.348696343653542629e-02
1.168621452480505241e+02 7.927120065498559853e+00 5.631210044253907865e-02
1.184485651738909837e+02 7.937079192906020708e+00 4.979563703730214425e-02
1.200368590247953193e+02 7.945859316137325656e+00 4.390061615652487981e-02
1.216268026422006159e+02 7.953576857915618525e+00 3.858770889146373451e-02
1.232181943425811284e+02 7.960340145889464480e+00 3.381643986922799883e-02
1.248108532948163116e+02 7.966249376462506859e+00 2.954615286521167228e-02
1.264046179052917864e+02 7.971396728292354794e+00 2.573675914923886920e-02
1.279993442370531511e+02 7.975866589321174871e+00 2.234930514409913527e-02
1.295949044827327441e+02 7.979735867474786914e+00 1.934639076806128621e-02
1.311911855055330989e+02 7.983074360528556568e+00 1.669246526884845400e-02
1.327880874581061619e+02 7.985945165202164908e+00 1.435402336804119869e-02
1.343855224855678046e+02 7.988405109414150829e+00 1.229972105993048896e-02
1.359834135159984214e+02 7.990505194892285168e+00 1.050042739067236219e-02
1.375816931394955134e+02 7.992291040078370656e+00 8.929225930428871805e-03
1.391803025750591019e+02 7.993803315557573619e+00 7.561377396016123742e-03
1.407791907232294193e+02 7.995078166145957788e+00 6.374252941919112542e-03
1.423783133013781423e+02 7.996147615340976067e+00 5.347245975093417938e-03
1.439776320578249056e+02 7.997039949126853564e+00 4.461668929389384260e-03
1.455771140604548748e+02 7.997780077172444102e+00 3.700640227954540926e-03
1.471767310552021115e+02 7.998389870300281146e+00 3.048965639187171776e-03
1.487764588896095574e+02 7.998888473774150576e+00 2.493017369348265230e-03
1.503762769966346298e+02 7.999292596476390571e+00 2.020613511201324423e-03
1.519761679339271723e+02 7.999616776449181899e+00 1.620899863958338762e-03
1.535761169739297713e+02 7.999873623576894133e+00 1.284235638560716998e-03
1.551761117403281389e+02 8.000074040406726539e+00 1.002084149159333196e-03
1.567761418865945586e+02 8.000227422257458088e+00 7.669092536576303538e-04
1.583761988126067024e+02 8.000341837863871319e+00 5.720780320655054771e-04
