0.00 6.00 0.00
0.20 6.03 0.17
0.40 6.09 0.26
0.60 6.15 0.32
0.80 6.22 0.36
1.00 6.30 0.38
1.20 6.38 0.39
1.40 6.45 0.38
1.60 6.53 0.37
1.80 6.60 0.36
2.00 6.67 0.34
2.20 6.73 0.32
2.40 6.79 0.30
2.60 6.84 0.27
2.80 6.89 0.25
3.00 6.94 0.23
3.20 6.98 0.21
3.40 7.02 0.22
3.60 7.07 0.22
3.80 7.11 0.22
4.00 7.15 0.21
4.20 7.19 0.20
4.40 7.23 0.19
4.60 7.26 0.15
4.80 7.28 0.12
5.00 7.30 0.09
5.20 7.31 0.06
5.40 7.32 0.02
5.60 7.31 -0.03
5.80 7.29 -0.12
6.00 7.24 -0.26
6.20 7.14 -0.47
6.40 6.99 -0.74
6.60 6.79 -1.03
6.80 6.54 -1.25
7.00 6.30 -1.20
7.20 6.14 -0.79
7.40 6.07 -0.38
7.60 6.06 -0.01
7.80 6.09 0.15
8.00 6.14 0.22
8.20 6.19 0.25
8.40 6.25 0.30
8.60 6.31 0.33
8.80 6.38 0.33
9.00 6.44 0.30
9.20 6.49 0.25
9.40 6.52 0.17
9.60 6.55 0.14
9.80 6.59 0.19
10.00 6.64 0.25
10.20 6.70 0.30
10.40 6.76 0.32
10.60 6.83 0.32
10.80 6.89 0.30
11.00 6.94 0.28
11.20 6.99 0.25
11.40 7.04 0.22
11.60 7.07 0.19
11.80 7.11 0.16
12.00 7.13 0.14
12.20 7.17 0.18
12.40 7.21 0.21
12.60 7.26 0.23
12.80 7.31 0.24
13.00 7.36 0.25
13.20 7.41 0.25
13.40 7.46 0.24
13.60 7.50 0.23
13.80 7.55 0.22
14.00 7.59 0.21
14.20 7.63 0.20
14.40 7.67 0.19
14.60 7.70 0.17
14.80 7.73 0.16
15.00 7.76 0.15
15.20 7.79 0.13
15.40 7.81 0.12
15.60 7.84 0.11
15.80 7.86 0.10
16.00 7.87 0.09
16.20 7.89 0.08
16.40 7.90 0.07
16.60 7.92 0.06
16.80 7.93 0.06
17.00 7.94 0.05
17.20 7.95 0.04
17.40 7.95 0.04
17.60 7.96 0.03
17.80 7.97 0.03
18.00 7.97 0.03
18.20 7.98 0.02
18.40 7.98 0.02
18.60 7.98 0.02
18.80 7.99 0.01
19.00 7.99 0.01
19.20 7.99 0.01
19.40 7.99 0.01
19.60 7.99 0.01
19.80 8.00 0.01
20.00 8.00 0.01
