0.00 10.00 0.00
0.20 9.97 -0.17
0.40 9.88 -0.42
0.60 9.76 -0.59
0.80 9.62 -0.70
1.00 9.47 -0.77
1.20 9.31 -0.80
1.40 9.15 -0.81
1.60 8.99 -0.80
1.80 8.83 -0.77
2.00 8.69 -0.74
2.20 8.55 -0.69
2.40 8.42 -0.65
2.60 8.31 -0.57
2.80 8.21 -0.50
3.00 8.12 -0.44
3.20 8.04 -0.38
3.40 7.97 -0.36
3.60 7.90 -0.34
3.80 7.84 -0.32
4.00 7.78 -0.30
4.20 7.72 -0.30
4.40 7.65 -0.32
4.60 7.58 -0.39
4.80 7.47 -0.52
5.00 7.33 -0.72
5.20 7.13 -0.98
5.40 6.88 -1.25
5.60 6.60 -1.41
5.80 6.38 -1.13
6.00 6.23 -0.72
6.20 6.17 -0.31
6.40 6.16 -0.02
6.60 6.18 0.10
6.80 6.22 0.17
7.00 6.26 0.20
7.20 6.31 0.26
7.40 6.37 0.29
7.60 6.43 0.29
7.80 6.48 0.25
8.00 6.52 0.19
8.20 6.54 0.13
8.40 6.57 0.14
8.60 6.61 0.21
8.80 6.67 0.27
9.00 6.73 0.30
9.20 6.79 0.32
9.40 6.85 0.31
9.60 6.91 0.29
9.80 6.96 0.26
10.00 7.01 0.23
10.20 7.05 0.20
10.40 7.09 0.18
10.60 7.12 0.15
10.80 7.14 0.13
11.00 7.18 0.18
11.20 7.22 0.21
11.40 7.27 0.23
11.60 7.31 0.24
11.80 7.36 0.25
12.00 7.41 0.24
12.20 7.46 0.24
12.40 7.51 0.23
12.60 7.55 0.22
12.80 7.59 0.21
13.00 7.63 0.20
13.20 7.67 0.18
13.40 7.70 0.17
13.60 7.73 0.16
13.80 7.76 0.15
14.00 7.79 0.13
14.20 7.81 0.12
14.40 7.84 0.11
14.60 7.86 0.10
14.80 7.87 0.09
15.00 7.89 0.08
15.20 7.90 0.07
15.40 7.92 0.06
15.60 7.93 0.06
15.80 7.94 0.05
16.00 7.95 0.04
16.20 7.95 0.04
16.40 7.96 0.03
16.60 7.97 0.03
16.80 7.97 0.03
17.00 7.98 0.02
17.20 7.98 0.02
17.40 7.98 0.02
17.60 7.99 0.01
17.80 7.99 0.01
18.00 7.99 0.01
18.20 7.99 0.01
18.40 7.99 0.01
18.60 8.00 0.01
18.80 8.00 0.01
19.00 8.00 0.00
19.20 8.00 0.00
19.40 8.00 0.00
19.60 8.00 0.00
19.80 8.00 0.00
20.00 8.00 0.00
