0.00 12.00 0.00
0.20 11.93 -0.35
0.40 11.78 -0.76
0.60 11.57 -1.05
0.80 11.32 -1.24
1.00 11.05 -1.35
1.20 10.77 -1.40
1.40 10.49 -1.41
1.60 10.21 -1.39
1.80 9.94 -1.34
2.00 9.69 -1.28
2.20 9.45 -1.17
2.40 9.24 -1.07
2.60 9.05 -0.93
2.80 8.88 -0.85
3.00 8.73 -0.80
3.20 8.58 -0.75
3.40 8.44 -0.70
3.60 8.30 -0.66
3.80 8.17 -0.65
4.00 8.04 -0.69
4.20 7.88 -0.79
4.40 7.68 -0.98
4.60 7.44 -1.22
4.80 7.14 -1.47
5.00 6.82 -1.60
5.20 6.59 -1.19
5.40 6.43 -0.78
5.60 6.36 -0.37
5.80 6.34 -0.11
6.00 6.34 0.01
6.20 6.36 0.09
6.40 6.38 0.13
6.60 6.42 0.19
6.80 6.46 0.22
7.00 6.51 0.22
7.20 6.55 0.19
7.40 6.57 0.13
7.60 6.59 0.08
7.80 6.61 0.13
8.00 6.66 0.20
8.20 6.71 0.26
8.40 6.77 0.29
8.60 6.83 0.30
8.80 6.88 0.29
9.00 6.94 0.27
9.20 6.99 0.24
9.40 7.03 0.21
9.60 7.07 0.19
9.80 7.10 0.16
10.00 7.13 0.14
10.20 7.17 0.19
10.40 7.21 0.22
10.60 7.26 0.24
10.80 7.30 0.25
11.00 7.35 0.25
11.20 7.40 0.25
11.40 7.45 0.24
11.60 7.50 0.24
11.80 7.55 0.23
12.00 7.59 0.21
12.20 7.63 0.20
12.40 7.67 0.19
12.60 7.70 0.17
12.80 7.73 0.16
13.00 7.76 0.15
13.20 7.79 0.13
13.40 7.81 0.12
13.60 7.84 0.11
13.80 7.86 0.10
14.00 7.87 0.09
14.20 7.89 0.08
14.40 7.90 0.07
14.60 7.92 0.06
14.80 7.93 0.06
15.00 7.94 0.05
15.20 7.95 0.04
15.40 7.95 0.04
15.60 7.96 0.03
15.80 7.97 0.03
16.00 7.97 0.03
16.20 7.98 0.02
16.40 7.98 0.02
16.60 7.98 0.02
16.80 7.99 0.01
17.00 7.99 0.01
17.20 7.99 0.01
17.40 7.99 0.01
17.60 7.99 0.01
17.80 8.00 0.01
18.00 8.00 0.01
18.20 8.00 0.00
18.40 8.00 0.00
18.60 8.00 0.00
18.80 8.00 0.00
19.00 8.00 0.00
19.20 8.00 0.00
19.40 8.00 0.00
19.60 8.00 0.00
19.80 8.00 0.00
20.00 8.00 0.00
