0.000000000000000000e+00 1.000000000000000000e+01 0.000000000000000000e+00
1.996521739130433959e+00 9.965217391304348027e+00 -1.739130434782609202e-01
3.981213617479063327e+00 9.881701392181941657e+00 -4.175799956120279655e-01
5.945800948111004125e+00 9.764171914137460107e+00 -5.876473902224109702e-01
7.884635991244170583e+00 9.624178517194172500e+00 -6.999669847164405878e-01
9.794115962666021247e+00 9.470621197024362559e+00 -7.677866008490519256e-01
1.167221341253225297e+01 9.310353301637956491e+00 -8.013394769320327793e-01
1.351810620975459898e+01 9.148574670585515989e+00 -8.088931552622021792e-01
1.533187944592926755e+01 8.989157691161132391e+00 -7.970848971219173240e-01
1.711428653371692832e+01 8.834913186715457556e+00 -7.712225222283697335e-01
1.886655864676810168e+01 8.687807943796272525e+00 -7.355262145959284847e-01
2.059025372918091890e+01 8.549142880331928041e+00 -6.933253173217212018e-01
2.228713788788410355e+01 8.419698706699941582e+00 -6.472208681599282976e-01
2.395968338776918216e+01 8.305756292150807241e+00 -5.697120727456697065e-01
2.561082948143615567e+01 8.205704644518883484e+00 -5.002582381596146766e-01
2.724320112419569995e+01 8.118011783076594767e+00 -4.384643072114392526e-01
2.885914563138401689e+01 8.041433288806583590e+00 -3.828924713500567734e-01
3.046016896437095767e+01 7.968800041062820583e+00 -3.631662387188170915e-01
3.204710659780765525e+01 7.900576293304125919e+00 -3.411187387934750959e-01
3.362084317619775931e+01 7.836789490596950181e+00 -3.189340135358778028e-01
3.518218462141742009e+01 7.776624961599676311e+00 -3.008226449863710128e-01
3.673159935921919583e+01 7.717522416418109543e+00 -2.955127259078325075e-01
3.826875180186392811e+01 7.654002010029202552e+00 -3.176020319445345685e-01
3.979184302258234851e+01 7.576910197154910875e+00 -3.854590643714568277e-01
4.129687867641232657e+01 7.473446341144869720e+00 -5.173192800502062205e-01
4.277714335422712821e+01 7.329200437003197344e+00 -7.212295207083615489e-01
4.422333660622348361e+01 7.132732082960375308e+00 -9.823417702141101771e-01
4.562495754696127648e+01 6.883477324417511589e+00 -1.246273792714320372e+00
4.697354762442583365e+01 6.602423450228038782e+00 -1.405269370947365815e+00
4.827138987629497535e+01 6.375999068463317876e+00 -1.132121908823605416e+00
4.953214385293617283e+01 6.231540697948702245e+00 -7.222918525730797068e-01
5.077220275659946225e+01 6.169048338684191890e+00 -3.124617963225539974e-01
5.200553203962465432e+01 6.164244491567782092e+00 -2.401923558204810405e-02
5.324044251306406750e+01 6.184860242826303534e+00 1.030787562926069878e-01
5.448090313937115781e+01 6.219746020244642182e+00 1.744288870916954060e-01
5.572893856782846456e+01 6.260608264328435979e+00 2.043112204189673209e-01
5.698624833650464439e+01 6.312489422433356978e+00 2.594057905246041074e-01
5.825453087293154653e+01 6.370335941835582716e+00 2.892325970111282452e-01
5.953437285200585904e+01 6.428083848907597542e+00 2.887395353600735737e-01
6.082507739440994499e+01 6.478961575133195261e+00 2.543886311279895951e-01
6.212470360481059117e+01 6.517300528873310128e+00 1.916947687005747247e-01
6.343071147949245869e+01 6.542778217945365071e+00 1.273884453602736055e-01
6.474215256430542809e+01 6.571632630184199186e+00 1.442720611941707975e-01
6.606060533620610897e+01 6.612895088822587475e+00 2.063122931919430803e-01
6.738855369614938695e+01 6.666588510610412577e+00 2.684671089391267307e-01
6.872794998419909973e+01 6.727374369886681471e+00 3.039292963813436943e-01
7.007976803223911588e+01 6.790806110513559091e+00 3.171587031343894303e-01
7.144414365600543704e+01 6.852950127149636472e+00 3.107200831803865748e-01
7.282052730855461675e+01 6.910886398342063863e+00 2.896813559621361778e-01
7.420794435818571344e+01 6.963284097968995390e+00 2.619884981346560782e-01
7.560523847923214191e+01 7.009657112495263576e+00 2.318650726313391808e-01
7.701122813426815128e+01 7.050239437864809666e+00 2.029116268477313134e-01
7.842480716849016176e+01 7.085550904355260471e+00 1.765573324522529686e-01
7.984498294996994616e+01 7.116206910442549827e+00 1.532800304364465016e-01
8.127087995284473720e+01 7.142763118305434311e+00 1.327810393144207013e-01
8.270297286973297446e+01 7.178166050576913371e+00 1.770146613573955752e-01
8.414276753909874174e+01 7.219780643080738969e+00 2.080729625191280463e-01
8.559129213188754193e+01 7.265465284807286928e+00 2.284232086327410705e-01
8.704918830309561883e+01 7.313496427273517675e+00 2.401557123311556519e-01
8.851678825901930736e+01 7.362503131963352487e+00 2.450335234491729519e-01
8.999417961478354755e+01 7.411410425678971237e+00 2.445364685780919700e-01
9.148125970119404826e+01 7.459390438425955061e+00 2.399000637349212872e-01
9.297778078475265318e+01 7.505820397160241519e+00 2.321497936714322918e-01
9.448338748857021585e+01 7.550246641015436744e+00 2.221312192759756776e-01
9.599764754360820973e+01 7.592353909364286224e+00 2.105363417442475682e-01
9.752007685786995239e+01 7.631939233253258514e+00 1.979266194448618399e-01
9.905015976454551208e+01 7.668889833502300135e+00 1.847530012452078263e-01
1.005873651974243188e+02 7.703164495285759195e+00 1.713733089172973512e-01
1.021311594419099293e+02 7.734777949570198707e+00 1.580672714221960651e-01
1.036810160215357826e+02 7.763787846688490646e+00 1.450494855914601366e-01
1.052364232018959740e+02 7.790283956913460095e+00 1.324805511248450529e-01
1.067968895253383579e+02 7.814379277510322019e+00 1.204766029843078040e-01
1.083619477296647347e+02 7.836202765753372823e+00 1.091174412152530332e-01
1.099311573515545888e+02 7.855893453145233352e+00 9.845343695930414141e-02
1.115041062696616621e+02 7.873595727925557064e+00 8.851137390161657736e-02
1.130804114025780081e+02 7.889455601237753690e+00 7.929936656098174330e-02
1.146597187424377182e+02 7.903617797359335562e+00 7.081098060790949611e-02
1.162417028752235524e+02 7.916223530499089556e+00 6.302866569877056679e-02
1.178260661132843694e+02 7.927408850109133098e+00 5.592659805021733127e-02
1.194125373436672248e+02 7.937303453719334101e+00 4.947301805100398631e-02
1.210008706771614868e+02 7.946029881223392266e+00 4.363213752028924364e-02
1.225908439670396888e+02 7.953703017558508392e+00 3.836568167558042364e-02
1.241822572529988804e+02 7.960429842033504677e+00 3.363412237497980656e-02
1.257749311744387057e+02 7.966309372364712260e+00 2.939765165603835592e-02
1.273687053876700475e+02 7.971432759948758218e+00 2.561693792022857671e-02
1.289634370136843131e+02 7.975883500193858389e+00 2.225370122550179158e-02
1.305589991365025355e+02 7.979737727988336360e+00 1.927113897238870097e-02
1.321552793666747903e+02 7.983064573734277580e+00 1.663422872970549832e-02
1.337521784800411808e+02 7.985926559929787949e+00 1.430993097755292945e-02
1.353496091382488942e+02 7.988380022147109294e+00 1.226731108660821142e-02
1.369474946946152727e+02 7.990475541516614655e+00 1.047759684752511827e-02
1.385457680866237808e+02 7.992258378568878108e+00 8.914185261319224757e-03
1.401443708145386324e+02 7.993768900579753200e+00 7.552610054376513241e-03
1.417432520042435726e+02 7.995042996469368113e+00 6.370479448072893965e-03
1.433423675513785440e+02 7.996112474880364474e+00 5.347392054980760687e-03
1.449416793431017538e+02 7.997005442351801108e+00 4.464837357181720111e-03
1.465411545532924720e+02 7.997746659555160953e+00 3.706086016798833521e-03
1.481407650066884401e+02 7.998357874404620205e+00 3.056074247298116650e-03
1.497404866072816105e+02 7.998858131527057935e+00 2.501285612187000539e-03
1.513402988262448901e+02 7.999264058105859831e+00 2.029632894008862997e-03
1.529401842447074955e+02 7.999590126520267575e+00 1.630342072040751522e-03
