0.000000000000000000e+00 1.000000000000000000e+01 0.000000000000000000e+00
1.993179652194072560e+00 9.931796521940755795e+00 -3.410173902962229664e-01
3.968264266302206522e+00 9.819049619140610474e+00 -5.637345140007284927e-01
5.917922599335369682e+00 9.677533711191031784e+00 -7.075795397478914506e-01
7.836860730954334997e+00 9.511847604998640904e+00 -8.284305309619504065e-01
9.721277280635220563e+00 9.332317891810237853e+00 -8.976485659420183616e-01
1.156912066483507573e+01 9.146115950188301369e+00 -9.310097081096806448e-01
1.337960114049396054e+01 8.958688806400539661e+00 -9.371357189388062059e-01
1.515286740249649000e+01 8.773973813624731832e+00 -9.235749638790392568e-01
1.688969603468149216e+01 8.594312508225300462e+00 -8.983065269971530764e-01
1.859113142380485328e+01 8.420041383008326719e+00 -8.713556260848699386e-01
2.025783538527744554e+01 8.246998231717608263e+00 -8.652157564535956080e-01
2.189011190522417394e+01 8.075766967749666847e+00 -8.561563198397030838e-01
2.348897985238301800e+01 7.912912503838783529e+00 -8.142723195544180337e-01
2.505695447550095167e+01 7.766833727340586080e+00 -7.303938824909868011e-01
2.659790303517294774e+01 7.642651869379391449e+00 -6.209092898059713761e-01
2.811537543447935761e+01 7.532072123684712572e+00 -5.528987284733962726e-01
2.961190879261197395e+01 7.433261457641454406e+00 -4.940533302162891660e-01
3.108938763445636511e+01 7.341526960802441160e+00 -4.586724841950662879e-01
3.254880332616203020e+01 7.252629956254221355e+00 -4.444850227410984123e-01
3.399093798566508440e+01 7.168716638776280625e+00 -4.195665873897027609e-01
3.541773210148619455e+01 7.099224519434867986e+00 -3.474605967070648616e-01
3.683224704056503640e+01 7.045924871353532737e+00 -2.664982404066777999e-01
3.823739212017494538e+01 7.005525924745507282e+00 -2.019947330401272167e-01
3.963529667908507292e+01 6.973519664355825043e+00 -1.600313019484129462e-01
4.102729961117164237e+01 6.946509656509783248e+00 -1.350500392302073638e-01
4.241432653780232442e+01 6.923759609797055070e+00 -1.137502335636422779e-01
4.379664503017582433e+01 6.899425313937944892e+00 -1.216714792955497504e-01
4.517301542383707158e+01 6.864278622674546249e+00 -1.757334563169942743e-01
4.654055421404348181e+01 6.811109279389502724e+00 -2.658467164252155679e-01
4.789418686354104437e+01 6.725217215586148711e+00 -4.294603190167721740e-01
4.922671284596917474e+01 6.600042608695193103e+00 -6.258730344547798197e-01
5.053011503050172593e+01 6.433979236630292142e+00 -8.303168603245054680e-01
5.179640385222121779e+01 6.228908980564649589e+00 -1.025351280328214765e+00
5.301824901139968915e+01 5.989542611220060486e+00 -1.196831846722944626e+00
5.418934002534213334e+01 5.721367528204344133e+00 -1.340875415078582433e+00
5.530465978222626688e+01 5.431830040636975276e+00 -1.447687437836845170e+00
5.636024526712186855e+01 5.124024808319061819e+00 -1.539026161589569286e+00
5.735359688347274698e+01 4.809491355189748241e+00 -1.572667265646566781e+00
5.829223841032277420e+01 4.576923913310539938e+00 -1.162837209396041072e+00
5.919256304992197215e+01 4.426322482681436910e+00 -7.530071531455153622e-01
6.007226487949168359e+01 4.370695813015640141e+00 -2.781333483289844533e-01
6.094822385483821847e+01 4.388893940449720255e+00 9.099063717039873600e-02
6.183328557829999284e+01 4.461723294168035814e+00 3.641467685915757424e-01
6.273685871790399915e+01 4.574008101872048648e+00 5.614240385200628403e-01
6.366562510824715559e+01 4.713655801559457181e+00 6.982384984370437753e-01
6.462409223547808779e+01 4.871015470749815890e+00 7.867983459517917666e-01
6.561502602269258944e+01 5.038322401395290306e+00 8.365346532273699731e-01
6.664025737817742367e+01 5.213991153452989025e+00 8.783437602884923701e-01
6.770145788664038378e+01 5.398013931176596003e+00 9.201138886180331156e-01
6.879978762388492441e+01 5.585283441268916960e+00 9.363475504616041167e-01
6.993549614008493620e+01 5.771801720731139618e+00 9.325913973111146227e-01
7.110812595715360374e+01 5.954496449955574811e+00 9.134736461221740766e-01
7.231668191176972016e+01 6.131063096205639162e+00 8.828332312503235357e-01
7.355977119506501083e+01 6.299829736747221354e+00 8.438332027079114006e-01
7.483571834230538400e+01 6.459641735656534323e+00 7.990599945465645115e-01
7.614265889068181536e+01 6.609763748107738479e+00 7.506100622560196722e-01
7.747861494561539075e+01 6.749796801227989640e+00 7.001652656012553599e-01
7.884155547095835459e+01 6.879608452201609659e+00 6.490582548681000929e-01
8.022944374150259250e+01 6.999274253240788113e+00 5.983290051958938260e-01
8.164027406287748079e+01 7.109028960508140926e+00 5.487735363367625130e-01
8.307209957006516277e+01 7.209226111368673529e+00 5.009857543026631221e-01
8.452305265748336183e+01 7.300304762813325077e+00 4.553932572232575193e-01
8.599135936725480178e+01 7.382762334901030954e+00 4.122878604385291634e-01
8.747534886454194236e+01 7.457132637970437905e+00 3.718515153470360879e-01
8.897345895658948223e+01 7.523968282504950977e+00 3.341782226725658611e-01
9.048423846255781200e+01 7.583826777178239276e+00 2.992924733664409365e-01
9.200634711177423242e+01 7.637259714986046610e+00 2.671646890390368956e-01
9.353855353633707637e+01 7.684804530642314724e+00 2.377240782813395958e-01
9.507973182796831679e+01 7.726978385670220106e+00 2.108692751395281895e-01
9.662885704672183351e+01 7.764273801864882252e+00 1.864770809733123924e-01
9.818499999890659069e+01 7.797155719982677979e+00 1.644095905889796094e-01
9.974732154185355171e+01 7.826059709486930416e+00 1.445199475212622930e-01
1.013150666225766088e+02 7.851391097743700698e+00 1.266569412838497999e-01
1.028875582147447574e+02 7.873524823937621875e+00 1.106686309696057469e-01
1.044641912826208170e+02 7.892805854823145673e+00 9.640515442761990461e-02
1.060444268707867082e+02 7.909550026835701964e+00 8.372086006278095516e-02
1.076277863937298775e+02 7.924045202596075477e+00 7.247587880186773246e-02
1.092138461789826067e+02 7.936552649931214454e+00 6.253723667569564826e-02
1.108022323008394068e+02 7.947308568636702653e+00 5.377959352744213911e-02
1.123926157281735669e+02 7.956525704704865198e+00 4.608568034081270137e-02
1.139847077990420559e+02 7.964395003979992893e+00 3.934649637563893132e-02
1.155782560261882281e+02 7.971087267481798300e+00 3.346131750902634622e-02
1.171730402308592147e+02 7.976754779228072856e+00 2.833755873137482409e-02
1.187688689972344207e+02 7.981532884523948823e+00 2.389052647938074564e-02
1.203655764359443907e+02 7.985541502575784989e+00 2.004309025917870232e-02
1.219630192424134236e+02 7.988886562114470458e+00 1.672529769342837730e-02
1.235610740338883318e+02 7.991661352634726434e+00 1.387395260127880295e-02
1.251596349478530215e+02 7.993947787012145589e+00 1.143217188709765193e-02
1.267586114839310767e+02 7.995817573768420949e+00 9.348933781377931351e-03
1.283579265712300526e+02 7.997333299221312863e+00 7.578627264461592489e-03
1.299575148432791138e+02 7.998549421269152582e+00 6.080610239198589936e-03
1.315573211031757239e+02 7.999513177697044064e+00 4.818782139455231837e-03
1.331572989622173964e+02 8.000265412719489433e+00 3.761175112227919514e-03
1.347574096360941667e+02 8.000841326048211855e+00 2.879566643611618931e-03
1.363576208836132082e+02 8.001271149142365147e+00 2.149115470768797262e-03
1.379579060738776093e+02 8.001580753501681187e+00 1.548021796583326330e-03
1.395582433688213086e+02 8.001792195935472307e+00 1.057212168956150802e-03
1.411586150089859188e+02 8.001924205710498228e+00 6.600488751315996671e-04
1.427590066913942053e+02 8.001992618372346655e+00 3.420633092430083516e-04
1.443594070293182199e+02 8.002010760867950268e+00 9.071247801609795850e-05
