0.00 4.00 0.00
0.20 4.06 0.32
0.40 4.18 0.56
0.60 4.32 0.72
0.80 4.48 0.81
1.00 4.65 0.83
1.20 4.81 0.79
1.40 4.95 0.72
1.60 5.09 0.68
1.80 5.23 0.71
2.00 5.38 0.74
2.20 5.53 0.75
2.40 5.67 0.74
2.60 5.81 0.70
2.80 5.94 0.65
3.00 6.06 0.59
3.20 6.17 0.53
3.40 6.26 0.46
3.60 6.34 0.40
3.80 6.40 0.32
4.00 6.45 0.24
4.20 6.49 0.17
4.40 6.51 0.11
4.60 6.52 0.08
4.80 6.54 0.09
5.00 6.56 0.09
5.20 6.58 0.09
5.40 6.59 0.08
5.60 6.60 0.05
5.80 6.61 0.01
6.00 6.60 -0.01
6.20 6.61 0.01
6.40 6.61 0.04
6.60 6.63 0.07
6.80 6.64 0.07
7.00 6.66 0.07
7.20 6.67 0.07
7.40 6.68 0.04
7.60 6.68 0.01
7.80 6.66 -0.10
8.00 6.60 -0.28
8.20 6.51 -0.49
8.40 6.37 -0.70
8.60 6.18 -0.91
8.80 5.96 -1.10
9.00 5.71 -1.25
9.20 5.44 -1.38
9.40 5.14 -1.47
9.60 4.84 -1.52
9.80 4.54 -1.52
10.00 4.31 -1.11
10.20 4.17 -0.70
10.40 4.11 -0.29
10.60 4.13 0.10
10.80 4.21 0.40
11.00 4.34 0.61
11.20 4.49 0.76
11.40 4.66 0.85
11.60 4.84 0.91
11.80 5.03 0.95
12.00 5.23 0.99
12.20 5.43 1.01
12.40 5.63 1.00
12.60 5.83 0.98
12.80 6.01 0.94
13.00 6.19 0.90
13.20 6.37 0.85
13.40 6.53 0.80
13.60 6.67 0.75
13.80 6.81 0.69
14.00 6.94 0.64
14.20 7.06 0.58
14.40 7.16 0.53
14.60 7.26 0.48
14.80 7.35 0.44
15.00 7.43 0.39
15.20 7.50 0.35
15.40 7.56 0.32
15.60 7.62 0.28
15.80 7.67 0.25
16.00 7.71 0.22
16.20 7.75 0.20
16.40 7.79 0.17
16.60 7.82 0.15
16.80 7.84 0.13
17.00 7.87 0.12
17.20 7.89 0.10
17.40 7.90 0.09
17.60 7.92 0.08
17.80 7.93 0.07
18.00 7.94 0.06
18.20 7.95 0.05
18.40 7.96 0.04
18.60 7.97 0.04
18.80 7.98 0.03
19.00 7.98 0.03
19.20 7.98 0.02
19.40 7.99 0.02
19.60 7.99 0.01
19.80 7.99 0.01
20.00 8.00 0.01
