0.00 8.00 0.00
0.20 7.96 -0.18
0.40 7.91 -0.29
0.60 7.84 -0.31
0.80 7.79 -0.29
1.00 7.73 -0.29
1.20 7.67 -0.28
1.40 7.62 -0.27
1.60 7.57 -0.26
1.80 7.51 -0.26
2.00 7.46 -0.26
2.20 7.41 -0.26
2.40 7.36 -0.26
2.60 7.30 -0.28
2.80 7.24 -0.31
3.00 7.18 -0.32
3.20 7.11 -0.32
3.40 7.06 -0.28
3.60 7.01 -0.24
3.80 6.97 -0.20
4.00 6.94 -0.17
4.20 6.90 -0.16
4.40 6.87 -0.17
4.60 6.83 -0.18
4.80 6.81 -0.14
5.00 6.79 -0.09
5.20 6.78 -0.05
5.40 6.77 -0.02
5.60 6.77 -0.01
5.80 6.77 -0.00
6.00 6.77 -0.01
6.20 6.76 -0.07
6.40 6.73 -0.14
6.60 6.67 -0.30
6.80 6.57 -0.50
7.00 6.43 -0.71
7.20 6.24 -0.91
7.40 6.02 -1.10
7.60 5.77 -1.26
7.80 5.49 -1.38
8.00 5.20 -1.48
8.20 4.89 -1.54
8.40 4.58 -1.54
8.60 4.36 -1.13
8.80 4.21 -0.72
9.00 4.15 -0.31
9.20 4.17 0.08
9.40 4.24 0.38
9.60 4.36 0.59
9.80 4.51 0.74
10.00 4.68 0.84
10.20 4.86 0.90
10.40 5.05 0.94
10.60 5.24 0.98
10.80 5.44 1.00
11.00 5.64 0.99
11.20 5.83 0.97
11.40 6.02 0.94
11.60 6.20 0.90
11.80 6.37 0.85
12.00 6.53 0.80
12.20 6.68 0.74
12.40 6.82 0.69
12.60 6.94 0.63
12.80 7.06 0.58
13.00 7.17 0.53
13.20 7.26 0.48
13.40 7.35 0.44
13.60 7.43 0.39
13.80 7.50 0.35
14.00 7.56 0.32
14.20 7.62 0.28
14.40 7.67 0.25
14.60 7.71 0.22
14.80 7.75 0.20
15.00 7.79 0.17
15.20 7.82 0.15
15.40 7.84 0.13
15.60 7.87 0.12
15.80 7.89 0.10
16.00 7.90 0.09
16.20 7.92 0.08
16.40 7.93 0.07
16.60 7.94 0.06
16.80 7.95 0.05
17.00 7.96 0.04
17.20 7.97 0.04
17.40 7.98 0.03
17.60 7.98 0.03
17.80 7.98 0.02
18.00 7.99 0.02
18.20 7.99 0.01
18.40 7.99 0.01
18.60 8.00 0.01
18.80 8.00 0.01
19.00 8.00 0.01
19.20 8.00 0.01
19.40 8.00 0.00
19.60 8.00 0.00
19.80 8.00 0.00
20.00 8.00 0.00
