0.000000000000000000e+00 6.000000000000000000e+00 0.000000000000000000e+00
1.202158592334122034e+00 6.021585923341189250e+00 1.079296167059448086e-01
2.409687502996909814e+00 6.053703183286669010e+00 1.605862997273974635e-01
3.623697837214216122e+00 6.086400158886392298e+00 1.634848779986143863e-01
4.843711823808014572e+00 6.113739707051561112e+00 1.366977408258458482e-01
6.069246511136725530e+00 6.141607166235523607e+00 1.393372959198120320e-01
7.301430100912135401e+00 6.180228731518546681e+00 1.931078264151155632e-01
8.542604551553026226e+00 6.231515774890368675e+00 2.564352168591119141e-01
9.794953918998395181e+00 6.291977899563343968e+00 3.023106233648747976e-01
1.105976770334634551e+01 6.356159943916148691e+00 3.209102217640258381e-01
1.233736835718680425e+01 6.419846594488428870e+00 3.184332528614023383e-01
1.362734905327789647e+01 6.479960366422516493e+00 3.005688596704388371e-01
1.492880739042244187e+01 6.534623005022932141e+00 2.733131930020766265e-01
1.624058129322394706e+01 6.583116022992130389e+00 2.424650898459925208e-01
1.756140689480834283e+01 6.625139992851818427e+00 2.101198492984388821e-01
1.888992483335574235e+01 6.660039392622194576e+00 1.744969988518785542e-01
2.022425230034756538e+01 6.683235277296030397e+00 1.159794233691774784e-01
2.156197265346344949e+01 6.693968253862836448e+00 5.366488283402875981e-02
2.290080414346490301e+01 6.694346646151712044e+00 1.891961444377407431e-03
2.423898620280613159e+01 6.687473947260588858e+00 -3.436349445561660138e-02
2.557582789094929865e+01 6.680942934171098635e+00 -3.265506544745273854e-02
2.691153634500910385e+01 6.676141606426986286e+00 -2.400663872056196108e-02
2.824668881237475304e+01 6.675383067229500256e+00 -3.792695987429289817e-03
2.958193804886155576e+01 6.677109297638527785e+00 8.631152045139400472e-03
3.091747066021235923e+01 6.678216815869518541e+00 5.537591154954223625e-03
3.225273397800432207e+01 6.674416362050094698e+00 -1.900226909711985948e-02
3.358662321804267492e+01 6.664476038333448038e+00 -4.970161858323357551e-02
3.491858423159342806e+01 6.655134097174067342e+00 -4.670970579690304075e-02
3.624936085386176643e+01 6.652632125509308381e+00 -1.250985832379334500e-02
3.758036122554925385e+01 6.657371591365597752e+00 2.369732928144465539e-02
3.891274052586000209e+01 6.666421411741834113e+00 4.524910188118244636e-02
4.024708018582570901e+01 6.676975187915259902e+00 5.276888086712865078e-02
4.158369611005998223e+01 6.689184054427450121e+00 6.104433256095023047e-02
4.292251751959017270e+01 6.699030040874491831e+00 4.922993223520640005e-02
4.426250717833322312e+01 6.700866546555946712e+00 9.182528407273529703e-03
4.560179223371670787e+01 6.691984007278900748e+00 -4.441269638523022423e-02
4.693650393430609569e+01 6.655132998615031603e+00 -1.842550433193474446e-01
4.826001751860654565e+01 6.580002844389423622e+00 -3.756507711280416828e-01
4.956425232694709848e+01 6.462345239016102916e+00 -5.882880268666037527e-01
5.084068713397515893e+01 6.302002831264521987e+00 -8.017120387579061980e-01
5.208107197719184711e+01 6.101845600902406019e+00 -1.000786151810581615e+00
5.327798652453475370e+01 5.867299872526655413e+00 -1.172728641878753475e+00
5.442514437455550080e+01 5.604278627680817415e+00 -1.315106224229190213e+00
5.551760058982284107e+01 5.320283524992544422e+00 -1.419975513441365855e+00
5.655150753134003594e+01 5.018785890179425557e+00 -1.507488174065595432e+00
5.752434220204607840e+01 4.709560816880968837e+00 -1.546125366492284048e+00
5.844352845921743267e+01 4.482301754832617391e+00 -1.136295310241758338e+00
5.932545950510413491e+01 4.337008704034371220e+00 -7.264652539912325180e-01
6.018786482825368722e+01 4.287044527461189247e+00 -2.498208828659104208e-01
6.104767466227158224e+01 4.311053812717745792e+00 1.200464262827826145e-01
6.191775476809207390e+01 4.389747245487180649e+00 3.934671638471728405e-01
6.280751419798998114e+01 4.507847053491893519e+00 5.904990400235663461e-01
6.372361539961086407e+01 4.653164962716944686e+00 7.265895461252558363e-01
6.467052956677133579e+01 4.815976708887807156e+00 8.140587308543136835e-01
6.565097357752131302e+01 4.988463398611961530e+00 8.624334486207723138e-01
6.666672001925054758e+01 5.169001018680268622e+00 9.026881003415349047e-01
6.771937649406807225e+01 5.357563729495065985e+00 9.428135540739872589e-01
6.881003690355476010e+01 5.549040365371788575e+00 9.573831793836147241e-01
6.993888451637113235e+01 5.739435762791924134e+00 9.519769871006775741e-01
7.110539664283859906e+01 5.925685501882821171e+00 9.312486954544860751e-01
7.230851486785913096e+01 6.105496748322399192e+00 8.990562321978906590e-01
7.354678574328436014e+01 6.277212005929944993e+00 8.585762880377287853e-01
7.481847623586236296e+01 6.439692919850029895e+00 8.124045696004258410e-01
7.612166768528516059e+01 6.592221574377921556e+00 7.626432726394564154e-01
7.745433154358734384e+01 6.734417008643960756e+00 7.109771713301960006e-01
7.881438973729336794e+01 6.866164928416335300e+00 6.587395988618720555e-01
8.019976211256182808e+01 6.987558824268210067e+00 6.069694792593720578e-01
8.160840308664009513e+01 7.098850916514448883e+00 5.564604612311927490e-01
8.303832933198978594e+01 7.200411536982490368e+00 5.078031023402075350e-01
8.448764005851026582e+01 7.292695728222261309e+00 4.614209561988566466e-01
8.595453123069043500e+01 7.376215993579523733e+00 4.176013267863122325e-01
8.743730485685269116e+01 7.451520268042984618e+00 3.765213723173040927e-01
8.893437431378524138e+01 7.519174301282516737e+00 3.382701661976599272e-01
9.044426651912648651e+01 7.579747752129851079e+00 3.028672542366708798e-01
9.196562163325543793e+01 7.633803389159774966e+00 2.702781851496176557e-01
9.349719085979008071e+01 7.681888876186611093e+00 2.404274351341810223e-01
9.503783281695893947e+01 7.724530695501901967e+00 2.132090965764560919e-01
9.658650886916646527e+01 7.762229826573451952e+00 1.884956553577518124e-01
9.814227773728937620e+01 7.795458854655653802e+00 1.661451404110083074e-01
9.970428964607526723e+01 7.824660233203341697e+00 1.460068927384386983e-01
1.012717802160895957e+02 7.850245466939869132e+00 1.279261686826349553e-01
1.028440642647473453e+02 7.872595019637582681e+00 1.117477634885666177e-01
1.044205296449901965e+02 7.892058782791034233e+00 9.731881576725617822e-02
1.060006312201695238e+02 7.908956969002223225e+00 8.449093105594474018e-02
1.075838850488293019e+02 7.923581317595601803e+00 7.312174296689448461e-02
1.091698628326114431e+02 7.936196520225785811e+00 6.307601315092059568e-02
1.107581866637809327e+02 7.947041791469066752e+00 5.422635621640296832e-02
1.123485240953268374e+02 7.956332523989962269e+00 4.645366260447910539e-02
1.139405835457450564e+02 7.964261980192132384e+00 3.964728101085131240e-02
1.155341100420248210e+02 7.971002982605683407e+00 3.370501206775414899e-02
1.171288812976755196e+02 7.976709573901259454e+00 2.853295647788126402e-02
1.187247041175250502e+02 7.981518624594127864e+00 2.404525346434233102e-02
1.203214111172263188e+02 7.985551372418508542e+00 2.016373912190523587e-02
1.219188577426879192e+02 7.988914882197437173e+00 1.681754889464352060e-02
1.235169195728043405e+02 7.991703418966872086e+00 1.394268384717598300e-02
1.251154898877284580e+02 7.993999730274294890e+00 1.148155653711431697e-02
1.267144774843641670e+02 7.995876236082861688e+00 9.382529042834326927e-03
1.283138047206401779e+02 7.997396126677162265e+00 7.599452971503720816e-03
1.299134057703554959e+02 7.998614370476204272e+00 6.091218995211577017e-03
1.315132250708822426e+02 7.999578634791096654e+00 4.821321574460754079e-03
1.331132159466998814e+02 8.000330123385570147e+00 3.757442972368911244e-03
