0.00 10.00 0.00
0.20 9.93 -0.34
0.40 9.82 -0.56
0.60 9.68 -0.71
0.80 9.51 -0.83
1.00 9.33 -0.90
1.20 9.15 -0.93
1.40 8.96 -0.94
1.60 8.77 -0.92
1.80 8.59 -0.90
2.00 8.42 -0.87
2.20 8.25 -0.87
2.40 8.08 -0.86
2.60 7.91 -0.81
2.80 7.77 -0.73
3.00 7.64 -0.62
3.20 7.53 -0.55
3.40 7.43 -0.49
3.60 7.34 -0.46
3.80 7.25 -0.44
4.00 7.17 -0.42
4.20 7.10 -0.35
4.40 7.05 -0.27
4.60 7.01 -0.20
4.80 6.97 -0.16
5.00 6.95 -0.14
5.20 6.92 -0.11
5.40 6.90 -0.12
5.60 6.86 -0.18
5.80 6.81 -0.27
6.00 6.73 -0.43
6.20 6.60 -0.63
6.40 6.43 -0.83
6.60 6.23 -1.03
6.80 5.99 -1.20
7.00 5.72 -1.34
7.20 5.43 -1.45
7.40 5.12 -1.54
7.60 4.81 -1.57
7.80 4.58 -1.16
8.00 4.43 -0.75
8.20 4.37 -0.28
8.40 4.39 0.09
8.60 4.46 0.36
8.80 4.57 0.56
9.00 4.71 0.70
9.20 4.87 0.79
9.40 5.04 0.84
9.60 5.21 0.88
9.80 5.40 0.92
10.00 5.59 0.94
10.20 5.77 0.93
10.40 5.95 0.91
10.60 6.13 0.88
10.80 6.30 0.84
11.00 6.46 0.80
11.20 6.61 0.75
11.40 6.75 0.70
11.60 6.88 0.65
11.80 7.00 0.60
12.00 7.11 0.55
12.20 7.21 0.50
12.40 7.30 0.46
12.60 7.38 0.41
12.80 7.46 0.37
13.00 7.52 0.33
13.20 7.58 0.30
13.40 7.64 0.27
13.60 7.68 0.24
13.80 7.73 0.21
14.00 7.76 0.19
14.20 7.80 0.16
14.40 7.83 0.14
14.60 7.85 0.13
14.80 7.87 0.11
15.00 7.89 0.10
15.20 7.91 0.08
15.40 7.92 0.07
15.60 7.94 0.06
15.80 7.95 0.05
16.00 7.96 0.05
16.20 7.96 0.04
16.40 7.97 0.03
16.60 7.98 0.03
16.80 7.98 0.02
17.00 7.99 0.02
17.20 7.99 0.02
17.40 7.99 0.01
17.60 7.99 0.01
17.80 8.00 0.01
18.00 8.00 0.01
18.20 8.00 0.01
18.40 8.00 0.00
18.60 8.00 0.00
18.80 8.00 0.00
19.00 8.00 0.00
19.20 8.00 0.00
19.40 8.00 0.00
19.60 8.00 0.00
19.80 8.00 0.00
20.00 8.00 0.00
