0.000000000000000000e+00 4.000000000000000000e+00 0.000000000000000000e+00
8.064720631057866740e-01 4.064720631057899602e+00 3.236031552894967911e-01
1.630598968649962899e+00 4.176548424383892844e+00 5.591389666299676486e-01
2.480314985322330301e+00 4.320611742339809602e+00 7.203165897795830164e-01
3.360681698565251452e+00 4.483055390089377923e+00 8.122182387478413812e-01
4.273914745475963173e+00 4.649275079017709089e+00 8.310984446416561644e-01
5.219630853406783899e+00 4.807886000290466200e+00 7.930546063637871068e-01
6.195548105162210106e+00 4.951286517263773668e+00 7.170025848665384505e-01
7.199384165579672867e+00 5.087074086910828186e+00 6.789378482352719235e-01
8.230975024087875624e+00 5.228834498171222478e+00 7.088020563019736819e-01
9.291538378962201250e+00 5.376799050572039995e+00 7.398227620040866981e-01
1.038194032383972143e+01 5.527220398203141372e+00 7.521067381555055498e-01
1.150209646736939817e+01 5.674341037093636686e+00 7.356031944524747956e-01
1.265094265519772421e+01 5.814120841189592603e+00 6.988990204797780326e-01
1.382671489231630346e+01 5.943601529996164423e+00 6.474034440328595430e-01
1.502718162356747200e+01 6.061065782515523637e+00 5.873212625967962897e-01
1.624990255520320659e+01 6.166143533841853319e+00 5.253887566316484126e-01
1.749241835284967550e+01 6.259014442622834906e+00 4.643545439049067136e-01
1.875229030026589072e+01 6.339705031539297764e+00 4.034529445823141214e-01
2.002672102909249929e+01 6.404602256726778187e+00 3.244861259374031692e-01
2.131249869761035853e+01 6.453174428451831091e+00 2.428608586252649637e-01
2.260654505848020079e+01 6.487289180246619047e+00 1.705737589739396987e-01
2.390615527371309668e+01 6.508812972082314019e+00 1.076189591784741106e-01
2.520952804146710235e+01 6.524914705457735664e+00 8.050866687710668546e-02
2.651631453114070069e+01 6.542950191278261052e+00 9.017742910262908917e-02
2.782666863197842133e+01 6.560590817098909788e+00 8.820312910324189237e-02
2.914053729219300237e+01 6.578095785046914834e+00 8.752483974002586709e-02
3.045771950872073219e+01 6.593726380230369166e+00 7.815297591727318749e-02
3.177749150988962157e+01 6.603993631458514812e+00 5.133625614072834936e-02
3.309850753965459802e+01 6.606166666191240822e+00 1.086517366362831083e-02
3.441952100324660080e+01 6.603967969728761211e+00 -1.099348231239813053e-02
3.574048856634097149e+01 6.605707661214999860e+00 8.698457431192938710e-03
3.706244248865882440e+01 6.613831561963522176e+00 4.061950374260940577e-02
3.838651471068963872e+01 6.626890658344652962e+00 6.529548190565503951e-02
3.971338170770115283e+01 6.641779311770462435e+00 7.444326712904653087e-02
4.104316129247409606e+01 6.656016535958993785e+00 7.118612094265459878e-02
4.237574086055990819e+01 6.669779144899094625e+00 6.881304470050209066e-02
4.371055509142037465e+01 6.678363163705592243e+00 4.292009403248651933e-02
4.504648892036901486e+01 6.680975125780808099e+00 1.305981037607819445e-02
4.638058446195770301e+01 6.659980290106044976e+00 -1.049741783738167289e-01
4.770696657487557246e+01 6.603840839072647739e+00 -2.806972551669879024e-01
4.901797022914614388e+01 6.506195703633060212e+00 -4.882256771979361920e-01
5.030512322087059829e+01 6.365334213611520298e+00 -7.043074501076986849e-01
5.155995604826429002e+01 6.182994060325377461e+00 -9.117007664307158477e-01
5.277460878921124987e+01 5.963533349144181983e+00 -1.097303555905979167e+00
5.394226316527301179e+01 5.713010411473443462e+00 -1.252614688353692163e+00
5.505734871940709496e+01 5.437845129867374894e+00 -1.375826408030344616e+00
5.611559568761484940e+01 5.144624552210164126e+00 -1.466102888286054950e+00
5.711407477283933076e+01 4.840166300034692171e+00 -1.522291260877360886e+00
5.805165399568962670e+01 4.535625928468245860e+00 -1.522701857832232886e+00
5.893652174535164079e+01 4.313051568151904824e+00 -1.112871801581707176e+00
5.978507122407540209e+01 4.172443219085668176e+00 -7.030417453311813558e-01
6.061369563411091832e+01 4.113800881269536802e+00 -2.932116890806556464e-01
6.143849582129453069e+01 4.134200990566603728e+00 1.020005464853339094e-01
6.227326442865355460e+01 4.213485083023578603e+00 3.964204622848727655e-01
6.312815737569376040e+01 4.335444387378487363e+00 6.097965217745430211e-01
6.401040808021095074e+01 4.487062657793468468e+00 7.580913520749068546e-01
6.492490480347787241e+01 4.657904574875742831e+00 8.542095854113727071e-01
6.587465352297357413e+01 4.839582620081255726e+00 9.083902260275628082e-01
6.686160282802524080e+01 5.029910430435434066e+00 9.516390517708921415e-01
6.788743862916281557e+01 5.228447580940325246e+00 9.926857525244551228e-01
6.895327012530343325e+01 5.429867380465790205e+00 1.007098997627323023e+00
7.005925775135045797e+01 5.630008880004515603e+00 1.000707497693626102e+00
7.120482695372010085e+01 5.825683143691931853e+00 9.783713184370796956e-01
7.238884595168882186e+01 6.014506835995186762e+00 9.441184615162738769e-01
7.360977261368779523e+01 6.194759783994521207e+00 9.012647399966733364e-01
7.486577494402317257e+01 6.365263519359320554e+00 8.525186768239959578e-01
7.615482910830800733e+01 6.525278123488948978e+00 8.000730206481428963e-01
7.747479841984886662e+01 6.674414991919615403e+00 7.456843421533321248e-01
7.882349625918007519e+01 6.812563401392505824e+00 6.907420473644527714e-01
8.019873549992634310e+01 6.939829006070192818e+00 6.363280233884358594e-01
8.159836666149081452e+01 7.056482609574578291e+00 5.832680175219282503e-01
8.302030669826822873e+01 7.162917758199491836e+00 5.321757431245681680e-01
8.446256006201600997e+01 7.259615879278292994e+00 4.834906053940043469e-01
8.592323343481704967e+01 7.347117848732092504e+00 4.375098472689996632e-01
8.740054532116482733e+01 7.426001014745662765e+00 3.944158300678503593e-01
8.889283150581326254e+01 7.496860831738819897e+00 3.542990849657834396e-01
9.039854722615639560e+01 7.560296371692428963e+00 3.171776997680442189e-01
9.191626677130139456e+01 7.616899079757628144e+00 2.830135403259967930e-01
9.344468110219315804e+01 7.667244229159986268e+00 2.517257470117907348e-01
9.498259398589571845e+01 7.711884607865545860e+00 2.232018935277962357e-01
9.652891705042046055e+01 7.751346037381956933e+00 1.973071475820561416e-01
9.808266409250104800e+01 7.786124383423849160e+00 1.738917302094601103e-01
9.964294490783309755e+01 7.816683769896633827e+00 1.527969323639225552e-01
1.012089588600817081e+02 7.843455752589385099e+00 1.338599134637546983e-01
1.027799883601289821e+02 7.866839247883323338e+00 1.169174764696902236e-01
1.043553923894548348e+02 7.887201045375239694e+00 1.018089874595806549e-01
1.059346001702139404e+02 7.904876762215735653e+00 8.837858420248162483e-02
1.075171050586093884e+02 7.920172121738888293e+00 7.647679761576421653e-02
1.091024587167956099e+02 7.933364460123254247e+00 6.596169192182774199e-02
1.106902656010910135e+02 7.944704382830783729e+00 5.669961353764928214e-02
1.122801777901568414e+02 7.954417507827581169e+00 4.856562498398727529e-02
1.138718901654856808e+02 7.962706245460717369e+00 4.144368816567881725e-02
1.154651359475987107e+02 7.969751575669581811e+00 3.522665104432017025e-02
1.170596825843888951e+02 7.975714792232168726e+00 2.981608281293562229e-02
1.186553279827357272e+02 7.980739191236214225e+00 2.512199502022910078e-02
1.202518970705735342e+02 7.984951687141750298e+00 2.106247952767992260e-02
1.218492386737734705e+02 7.988464344857687749e+00 1.756328857968775248e-02
1.234472226902950638e+02 7.991375820358332049e+00 1.455737750322098900e-02
1.250457375428971432e+02 7.993772705662379963e+00 1.198442652023950367e-02
1.266446878911247609e+02 7.995730776613767077e+00 9.790354756934373931e-03
