0.00 6.00 0.00
0.20 6.02 0.11
0.40 6.05 0.16
0.60 6.09 0.16
0.80 6.11 0.14
1.00 6.14 0.14
1.20 6.18 0.19
1.40 6.23 0.26
1.60 6.29 0.30
1.80 6.36 0.32
2.00 6.42 0.32
2.20 6.48 0.30
2.40 6.53 0.27
2.60 6.58 0.24
2.80 6.63 0.21
3.00 6.66 0.17
3.20 6.68 0.12
3.40 6.69 0.05
3.60 6.69 0.00
3.80 6.69 -0.03
4.00 6.68 -0.03
4.20 6.68 -0.02
4.40 6.68 -0.00
4.60 6.68 0.01
4.80 6.68 0.01
5.00 6.67 -0.02
5.20 6.66 -0.05
5.40 6.66 -0.05
5.60 6.65 -0.01
5.80 6.66 0.02
6.00 6.67 0.05
6.20 6.68 0.05
6.40 6.69 0.06
6.60 6.70 0.05
6.80 6.70 0.01
7.00 6.69 -0.04
7.20 6.66 -0.18
7.40 6.58 -0.38
7.60 6.46 -0.59
7.80 6.30 -0.80
8.00 6.10 -1.00
8.20 5.87 -1.17
8.40 5.60 -1.32
8.60 5.32 -1.42
8.80 5.02 -1.51
9.00 4.71 -1.55
9.20 4.48 -1.14
9.40 4.34 -0.73
9.60 4.29 -0.25
9.80 4.31 0.12
10.00 4.39 0.39
10.20 4.51 0.59
10.40 4.65 0.73
10.60 4.82 0.81
10.80 4.99 0.86
11.00 5.17 0.90
11.20 5.36 0.94
11.40 5.55 0.96
11.60 5.74 0.95
11.80 5.93 0.93
12.00 6.11 0.90
12.20 6.28 0.86
12.40 6.44 0.81
12.60 6.59 0.76
12.80 6.73 0.71
13.00 6.87 0.66
13.20 6.99 0.61
13.40 7.10 0.56
13.60 7.20 0.51
13.80 7.29 0.46
14.00 7.38 0.42
14.20 7.45 0.38
14.40 7.52 0.34
14.60 7.58 0.30
14.80 7.63 0.27
15.00 7.68 0.24
15.20 7.72 0.21
15.40 7.76 0.19
15.60 7.80 0.17
15.80 7.82 0.15
16.00 7.85 0.13
16.20 7.87 0.11
16.40 7.89 0.10
16.60 7.91 0.08
16.80 7.92 0.07
17.00 7.94 0.06
17.20 7.95 0.05
17.40 7.96 0.05
17.60 7.96 0.04
17.80 7.97 0.03
18.00 7.98 0.03
18.20 7.98 0.02
18.40 7.99 0.02
18.60 7.99 0.02
18.80 7.99 0.01
19.00 7.99 0.01
19.20 8.00 0.01
19.40 8.00 0.01
19.60 8.00 0.01
19.80 8.00 0.00
20.00 8.00 0.00
