0.000000000000000000e+00 8.000000000000000000e+00 0.000000000000000000e+00
1.596492618403246411e+00 7.964926184032457890e+00 -1.753690798377099402e-01
3.183703258630288246e+00 7.907180218237977343e+00 -2.887298289724006817e-01
4.758858488195187419e+00 7.844372077411018829e+00 -3.140407041347916817e-01
6.321878614823070563e+00 7.785829188867794848e+00 -2.927144427161196827e-01
7.873334276133689968e+00 7.728727424238422294e+00 -2.855088231468621007e-01
9.413552081555536688e+00 7.673450629980019144e+00 -2.763839712920139746e-01
1.094287338385713326e+01 7.619762393035962589e+00 -2.684411847202820556e-01
1.246153292221079312e+01 7.566832990500599543e+00 -2.646470126768144526e-01
1.396964733525022950e+01 7.514311139893776748e+00 -2.626092530341149756e-01
1.546731036854185248e+01 7.462319193022434405e+00 -2.599597343567131569e-01
1.695464040386941207e+01 7.410981160253176547e+00 -2.566901638462892876e-01
1.843171376846478182e+01 7.359752485700500557e+00 -2.561433727633815050e-01
1.989807358630667267e+01 7.303845692718431870e+00 -2.795339649103429913e-01
2.135269514410081371e+01 7.242369885223011394e+00 -3.073790374771021017e-01
2.279469158545438034e+01 7.177594528312639888e+00 -3.238767845518577548e-01
2.422376440056775238e+01 7.113133622821086632e+00 -3.223045274577654995e-01
2.564074307135427233e+01 7.056653085044099605e+00 -2.824026888849346939e-01
2.704725482104836232e+01 7.008464411896807356e+00 -2.409433657364619674e-01
2.844500869939832199e+01 6.969074371602770768e+00 -1.969502014701831616e-01
2.983550112502133445e+01 6.935849884627366180e+00 -1.661224348770228565e-01
3.121952496753980455e+01 6.904388540557339304e+00 -1.573067203501347100e-01
3.259699798477763011e+01 6.870341631820868322e+00 -1.702345436823559377e-01
3.396748983813482425e+01 6.834576901751089117e+00 -1.788236503488973839e-01
3.533153254569953816e+01 6.805850173896083710e+00 -1.436336392750277580e-01
3.669087354290115854e+01 6.787559798120090804e+00 -9.145187887996544807e-02
3.804744573952689279e+01 6.778162168137281007e+00 -4.698814991404810792e-02
3.940265158137181345e+01 6.773896250311969069e+00 -2.132958912656099035e-02
4.075721093631265290e+01 6.771697299096373968e+00 -1.099475607797440434e-02
4.211153630544865223e+01 6.771556392263626378e+00 -7.045341637386629691e-04
4.346556797267167127e+01 6.768760279966578253e+00 -1.398056148523969984e-02
4.481801476494026559e+01 6.755707642719345429e+00 -6.526318623616572667e-02
4.616630317309710563e+01 6.727176438849036266e+00 -1.426560193515460373e-01
4.750571623619616446e+01 6.666954192141595570e+00 -3.011112335372048143e-01
4.882913529291374743e+01 6.567236375034220863e+00 -4.985890855368727004e-01
5.012839013478854611e+01 6.425312043713799603e+00 -7.096216566021071870e-01
5.139515299815573002e+01 6.242316589958015527e+00 -9.149772687789220482e-01
5.262160384494281828e+01 6.022191877912852931e+00 -1.100623560225814535e+00
5.380089439123667461e+01 5.770713585025721848e+00 -1.257391464435653416e+00
5.492738420814156797e+01 5.494184584023211748e+00 -1.382645005012550721e+00
5.599669495042260081e+01 5.198922838787121137e+00 -1.476308726180454389e+00
5.700576869376929778e+01 4.891814594679860129e+00 -1.535541220536304596e+00
5.795327050827263804e+01 4.583203550353529998e+00 -1.543055221631651763e+00
5.884724671503572324e+01 4.356558517277305143e+00 -1.133225165381126054e+00
5.970409051630856823e+01 4.211879495451184674e+00 -7.233951091306003445e-01
6.054019511434120204e+01 4.149166484875169481e+00 -3.135650528800746351e-01
6.137169777716425045e+01 4.165860143355310186e+00 8.346829240070391398e-02
6.221245922067386402e+01 4.241754291740817528e+00 3.794707419275377691e-01
6.307269600639394724e+01 4.360613565459979135e+00 5.942963685958064790e-01
6.395969832949643319e+01 4.509409665564859893e+00 7.439805005244035652e-01
6.487840866936818429e+01 4.677693733152627154e+00 8.414203379388369708e-01
6.583188453780599048e+01 4.857064951225418703e+00 8.968560903639593018e-01
6.682212250427139111e+01 5.045314713428640907e+00 9.412488110161110200e-01
6.785085200084292012e+01 5.241980252286716713e+00 9.833276942903776963e-01
6.891922205657772338e+01 5.441720305061331864e+00 9.987002638730769766e-01
7.002743002113227533e+01 5.640359340484152995e+00 9.931951771141065421e-01
7.117493536376198904e+01 5.834694085812910380e+00 9.716737266437862619e-01
7.236063750307786790e+01 6.022327307345966219e+00 9.381661076652776377e-01
7.358302278523956375e+01 6.201525514270894490e+00 8.959910346246410251e-01
7.484028509664682360e+01 6.371097599801725408e+00 8.478604276541559237e-01
7.613042403173000139e+01 6.530291751030054215e+00 7.959707561416442534e-01
7.745132403186596548e+01 6.678708250329655094e+00 7.420824964980032856e-01
7.880081746263815035e+01 6.816226057392092308e+00 6.875890353121847376e-01
8.017673419869223039e+01 6.942941303148675303e+00 6.335762287829171946e-01
8.157693993363031382e+01 7.059116046232148278e+00 5.808737154173664319e-01
8.299936512231690244e+01 7.165135840633834796e+00 5.300989720084329226e-01
8.444202619050618353e+01 7.261474841258896085e+00 4.816950031253049436e-01
8.590304040799532004e+01 7.348667333632429965e+00 4.359624618676682939e-01
8.738063561300953097e+01 7.427284716509701568e+00 3.930869143863587878e-01
8.887315579396133103e+01 7.497917093008297229e+00 3.531618824929767531e-01
9.037906337710927573e+01 7.561158738471199570e+00 3.162082273145105926e-01
9.189693893224516330e+01 7.617596812887636126e+00 2.821903720821810624e-01
9.342547889089109958e+01 7.667802773571840369e+00 2.510298034210192153e-01
9.496349177035641276e+01 7.712326021081226557e+00 2.226162375469308563e-01
9.650989331037638408e+01 7.751689379118579026e+00 1.968167901867638458e-01
9.806370085512844526e+01 7.786386068401864868e+00 1.734834464164304313e-01
9.962402725058018405e+01 7.816877886115673135e+00 1.524590885690395858e-01
1.011900744739336488e+02 7.843594347418882506e+00 1.335823065160481049e-01
1.027611271671094357e+02 7.866932584339074275e+00 1.166911846009603682e-01
1.043365462086363777e+02 7.887257830930281877e+00 1.016262329560390226e-01
1.059157624269729610e+02 7.904904352435578652e+00 8.823260752648383332e-02
1.074982705323111389e+02 7.920176700946221615e+00 7.636174255321440119e-02
1.090836233225250993e+02 7.933351201193413971e+00 6.587250123596141704e-02
1.106714262014546932e+02 7.944677588102557309e+00 5.663193454571684160e-02
1.122613320335638889e+02 7.954380732989351444e+00 4.851572443397215301e-02
1.138530363476771612e+02 7.962662408143476256e+00 4.140837577062184138e-02
1.154462728935264124e+02 7.969703050349055573e+00 3.520321102789503165e-02
1.170408095478527883e+02 7.975663492914681463e+00 2.980221282813155792e-02
1.186364445614721319e+02 7.980686643278768422e+00 2.511575182043357390e-02
1.202330031347437682e+02 7.984899089437509367e+00 2.106223079370259099e-02
1.218303343060379689e+02 7.988412623504580701e+00 1.756767033535662492e-02
1.234283081358705658e+02 7.991325674821480263e+00 1.456525658449647070e-02
1.250268131681868056e+02 7.993724648340887917e+00 1.199486759703701985e-02
1.266257541496838286e+02 7.995685166629284524e+00 9.802591441983974849e-03
1.282250499879356198e+02 7.997273215888733411e+00 7.940246297245476259e-03
1.298246319293220949e+02 7.998546197975677785e+00 6.364910434723473898e-03
1.314244419382774538e+02 7.999553891577981801e+00 5.038468011521145956e-03
1.330244312600922285e+02 8.000339326569708476e+00 3.927174958632073318e-03
1.346245591503647461e+02 8.000939576155589705e+00 3.001247929404429575e-03
1.362247917551597425e+02 8.001386471794161181e+00 2.234478192858672854e-03
1.378251011269484252e+02 8.001707246092726322e+00 1.603871492822560958e-03
