0.00 10.00 0.00
0.20 9.97 -0.17
0.40 9.88 -0.42
0.60 9.76 -0.59
0.80 9.62 -0.70
1.00 9.47 -0.77
1.20 9.31 -0.80
1.40 9.15 -0.81
1.60 8.99 -0.80
1.80 8.83 -0.77
2.00 8.69 -0.74
2.20 8.55 -0.69
2.40 8.42 -0.65
2.60 8.30 -0.60
2.80 8.20 -0.52
3.00 8.10 -0.46
3.20 8.02 -0.41
3.40 7.94 -0.41
3.60 7.85 -0.46
3.80 7.73 -0.59
4.00 7.58 -0.76
4.20 7.39 -0.95
4.40 7.16 -1.14
4.60 6.90 -1.30
4.80 6.62 -1.39
5.00 6.35 -1.38
5.20 6.14 -1.04
5.40 5.99 -0.73
5.60 5.87 -0.59
5.80 5.75 -0.63
6.00 5.58 -0.82
6.20 5.37 -1.09
6.40 4.84 -2.62
6.60 4.08 -3.78
6.80 3.43 -3.29
7.00 2.75 -3.36
7.20 2.18 -2.89
7.40 1.69 -2.44
7.60 1.10 -2.94
7.80 0.48 -3.11
8.00 0.00 -3.19
8.20 0.00 -1.12
8.40 0.00 -0.11
8.60 0.08 0.39
8.80 0.00 -1.44
9.00 0.00 -0.27
9.20 0.06 0.32
9.40 0.21 0.73
9.60 0.27 0.32
9.80 0.37 0.49
10.00 0.55 0.90
10.20 0.82 1.33
10.40 1.14 1.62
10.60 1.50 1.81
10.80 1.88 1.91
11.00 2.27 1.95
11.20 2.67 1.96
11.40 3.05 1.93
11.60 3.43 1.88
11.80 3.79 1.79
12.00 4.13 1.70
12.20 4.44 1.58
12.40 4.73 1.46
12.60 5.00 1.31
12.80 5.23 1.15
13.00 5.42 0.98
13.20 5.59 0.85
13.40 5.75 0.77
13.60 5.89 0.73
13.80 6.03 0.71
14.00 6.17 0.69
14.20 6.30 0.67
14.40 6.43 0.64
14.60 6.55 0.59
14.80 6.66 0.54
15.00 6.75 0.47
15.20 6.84 0.41
15.40 6.91 0.35
15.60 6.97 0.30
15.80 7.02 0.26
16.00 7.08 0.29
16.20 7.14 0.30
16.40 7.20 0.31
16.60 7.26 0.31
16.80 7.32 0.30
17.00 7.38 0.29
17.20 7.43 0.28
17.40 7.49 0.26
17.60 7.54 0.25
17.80 7.58 0.23
18.00 7.63 0.22
18.20 7.67 0.20
18.40 7.70 0.18
18.60 7.74 0.17
18.80 7.77 0.15
19.00 7.79 0.14
19.20 7.82 0.12
19.40 7.84 0.11
19.60 7.86 0.10
19.80 7.88 0.09
20.00 7.89 0.08
