0.000000000000000000e+00 8.000000000000000000e+00 0.000000000000000000e+00
1.598508062841993649e+00 7.985080628419932047e+00 -7.459685790033912522e-02
3.192953482728931647e+00 7.959373570449439050e+00 -1.285352898524671772e-01
4.781514099368742166e+00 7.926232595948682125e+00 -1.657048725037830739e-01
6.362966912148671383e+00 7.888295531850637587e+00 -1.896853204902237133e-01
7.936558038945271676e+00 7.847615736115361784e+00 -2.033989786763785446e-01
9.501896720678807640e+00 7.805771081220016505e+00 -2.092232744767262287e-01
1.105886922968824848e+01 7.763954008874407009e+00 -2.090853617280467869e-01
1.260756864989292581e+01 7.723040193172338697e+00 -2.045690785103435050e-01
1.414823126560258970e+01 7.683585963924334905e+00 -1.972711462400194293e-01
1.567977223912063067e+01 7.631823771256073030e+00 -2.588109633413090416e-01
1.719980361831697735e+01 7.568490020707388410e+00 -3.166687527434221550e-01
1.870627370764250230e+01 7.496210872547876214e+00 -3.613957407975626479e-01
2.019801021309397981e+01 7.421154181966871377e+00 -3.752834529050222412e-01
2.167486456078771795e+01 7.347389294970529505e+00 -3.688244349817095813e-01
2.313734755444968272e+01 7.277440641649121744e+00 -3.497432666070369178e-01
2.458635470416641056e+01 7.212630855518128214e+00 -3.240489306549684256e-01
2.602297707992423170e+01 7.153592902060116110e+00 -2.951897672900586356e-01
2.744815061313428117e+01 7.098142430040347506e+00 -2.772523600988434644e-01
2.886267127008526145e+01 7.047064139469457089e+00 -2.553914528544525830e-01
3.026720456713342600e+01 6.998268831012188329e+00 -2.439765422863442168e-01
3.166221612524328322e+01 6.951846750086381199e+00 -2.321104046290353995e-01
3.304798444193946949e+01 6.905836416875483330e+00 -2.300516660544890124e-01
3.442418940064100497e+01 6.856213170139875857e+00 -2.481162336780361466e-01
3.578896066122877784e+01 6.791499435737837764e+00 -3.235686720101900726e-01
3.713747564659239231e+01 6.693650417898306060e+00 -4.892450891976587446e-01
3.846217009878469639e+01 6.553294104024725897e+00 -7.017815693679024802e-01
3.975429092082978855e+01 6.367914116426211635e+00 -9.268999379925711990e-01
4.100529968233486500e+01 6.142173498624575068e+00 -1.128703089008183058e+00
4.220765138017472395e+01 5.881343479773998517e+00 -1.304150094252881420e+00
4.335609018262672976e+01 5.603044544746062172e+00 -1.391494675139680171e+00
4.444935402624467713e+01 5.329593891433370700e+00 -1.367253266563458247e+00
4.549693313044180343e+01 5.146197150537849652e+00 -9.169837044776060209e-01
4.651670578585400051e+01 5.051529403584194888e+00 -4.733387347682718183e-01
4.752413483374526493e+01 5.022761075328422642e+00 -1.438416412788604548e-01
4.853075859963608707e+01 5.043476583579838746e+00 1.035775412570821286e-01
4.954513161340310035e+01 5.100253554090238950e+00 2.838848525520021315e-01
5.050943309508275547e+01 4.542761262706301650e+00 -2.787461456919685610e+00
5.137114277316338473e+01 4.074335518100002496e+00 -2.342128723031496218e+00
5.213408349115094609e+01 3.555071661775664804e+00 -2.596319281621688457e+00
5.279040032880404709e+01 3.008096714755335466e+00 -2.734874735101647136e+00
5.333581168714381704e+01 2.446016868642363118e+00 -2.810399230564861739e+00
5.376798373091128980e+01 1.875703569032306728e+00 -2.851566498050281950e+00
5.408564432157995583e+01 1.300902337654360252e+00 -2.874006156889731933e+00
5.429270446610962608e+01 7.696991076423763678e-01 -2.656016150059919312e+00
5.439783545050288893e+01 2.816107362902391942e-01 -2.440441856760685813e+00
5.440941616372032286e+01 0.000000000000000000e+00 -2.237071702030628551e+00
5.440941616372032286e+01 0.000000000000000000e+00 -1.035477325316053188e+00
5.440941616372032286e+01 0.000000000000000000e+00 -1.081283635984400249e-01
5.441734301070309954e+01 7.926846982771383610e-02 3.963423491385691388e-01
5.444932015277642279e+01 2.405029509055328085e-01 8.061724053890948483e-01
5.452174079219032166e+01 4.837034432334569312e-01 1.216002461639620558e+00
5.465011084094140870e+01 7.999970442774256840e-01 1.581468005219843764e+00
5.484669387186341538e+01 1.165833264942612413e+00 1.829181103325933311e+00
5.511949068988336364e+01 1.562134915256883527e+00 1.981508251571356016e+00
5.547296793175559770e+01 1.972637503465445086e+00 2.052512941042808237e+00
5.590869568947870505e+01 2.384640073765623480e+00 2.060012851500891529e+00
5.642610683576547359e+01 2.789471389102072152e+00 2.024156576682242914e+00
5.702324801123075559e+01 3.181940365550781635e+00 1.962344882243546529e+00
5.769733941784990350e+01 3.558973700640670756e+00 1.885166675449446272e+00
5.844499052427254782e+01 3.917537363585801735e+00 1.792818314725655338e+00
5.926221302164358917e+01 4.254687610124612718e+00 1.685751232694054913e+00
6.014454617066444797e+01 4.568643880083957498e+00 1.569781349796725234e+00
6.108728098490521319e+01 4.858704262323669809e+00 1.450301911198562443e+00
6.208564275142724398e+01 5.124913402896688730e+00 1.331045702865095492e+00
6.313491955293572033e+01 5.367854612188017072e+00 1.214706046456642152e+00
6.423055399019919776e+01 5.588489760446754495e+00 1.103175741293685785e+00
6.536820096341841690e+01 5.787979971745421892e+00 9.974510564933383172e-01
6.654374898428801544e+01 5.967500236950605164e+00 8.976013260259142479e-01
6.775326473257155158e+01 6.127657245884695847e+00 8.007850446704543046e-01
6.899278786298992827e+01 6.267574058299119955e+00 6.995840620721205383e-01
7.025804305526916949e+01 6.384977864493278865e+00 5.870190309707947751e-01
7.154468254569729879e+01 6.481417039788086143e+00 4.821958764740352787e-01
7.284862553215997139e+01 6.558012824838552746e+00 3.829789252523347898e-01
7.416692150484607282e+01 6.624946902022509576e+00 3.346703859197825426e-01
7.549848052840678747e+01 6.690643333584660901e+00 3.284821578107550710e-01
7.684367285027686023e+01 6.761279885116029398e+00 3.531827576568443705e-01
7.820336704818689100e+01 6.835662093984286258e+00 3.719110443412837474e-01
7.957839274321300138e+01 6.914594856276810475e+00 3.946638114626189187e-01
8.096929248532738654e+01 6.994402564867027827e+00 3.990385429510866500e-01
8.237592596153548641e+01 7.071932197214012561e+00 3.876481617349242237e-01
8.379756308434336631e+01 7.144439030864749185e+00 3.625341682536847854e-01
8.523297841091974192e+01 7.209714234898917162e+00 3.263760201708382769e-01
8.668066907154756962e+01 7.267192371379400662e+00 2.873906824024180517e-01
8.813909103488674646e+01 7.317027262012313571e+00 2.491744531645664895e-01
8.960678953542870318e+01 7.359957743407261610e+00 2.146524069747396402e-01
9.108246859748916791e+01 7.396832877197534017e+00 1.843756689513618707e-01
9.256572995759779587e+01 7.435780723888765209e+00 1.947392334561567351e-01
9.405687311102431636e+01 7.475650810376324173e+00 1.993504324377935455e-01
9.555599211532133097e+01 7.515539232593873464e+00 1.994421110877472314e-01
9.706302084793281892e+01 7.554748093521001628e+00 1.960443046356420416e-01
9.857777071900244437e+01 7.592750617175267891e+00 1.900126182713322842e-01
1.000999619056896393e+02 7.629161249696707614e+00 1.820531626072005305e-01
1.016292490435741058e+02 7.663710129147876415e+00 1.727443972558432295e-01
1.031652421935714870e+02 7.696221370826098251e+00 1.625562083911071265e-01
1.047075237981343605e+02 7.726594674802532481e+00 1.518665198821719520e-01
1.062556622473368719e+02 7.754789817222563109e+00 1.409757121001516122e-01
1.078092225927425432e+02 7.780813636834150948e+00 1.301190980579375878e-01
1.093677748737761988e+02 7.804709173502499375e+00 1.194776833417430378e-01
1.109309004567656700e+02 7.826546656392159740e+00 1.091874144483017117e-01
1.124981967300386003e+02 7.846416076337142442e+00 9.934709972491460872e-02
