0.000000000000000000e+00 1.000000000000000000e+01 0.000000000000000000e+00
1.996521739130433959e+00 9.965217391304348027e+00 -1.739130434782609202e-01
3.981213617479063327e+00 9.881701392181941657e+00 -4.175799956120279655e-01
5.945800948111004125e+00 9.764171914137460107e+00 -5.876473902224109702e-01
7.884635991244170583e+00 9.624178517194172500e+00 -6.999669847164405878e-01
9.794115962666021247e+00 9.470621197024362559e+00 -7.677866008490519256e-01
1.167221341253225297e+01 9.310353301637956491e+00 -8.013394769320327793e-01
1.351810620975459898e+01 9.148574670585515989e+00 -8.088931552622021792e-01
1.533187944592926755e+01 8.989157691161134167e+00 -7.970848971219062218e-01
1.711428653371693898e+01 8.834913186715635192e+00 -7.712225222274986525e-01
1.886655864676939487e+01 8.687807943808930844e+00 -7.355262145335218493e-01
2.059025372925326636e+01 8.549142881029776930e+00 -6.933253138957726769e-01
2.228713789067943907e+01 8.419698733231916421e+00 -6.472207389893049889e-01
2.395909324365673143e+01 8.299854796540994784e+00 -5.992196834546108519e-01
2.560862590662957317e+01 8.195471833187461641e+00 -5.219148167676660455e-01
2.723859212297115917e+01 8.104190330228398409e+00 -4.564075147953206013e-01
2.885121445273444607e+01 8.022032967404456372e+00 -4.107868141197102974e-01
3.044747132152490821e+01 7.940535720500160544e+00 -4.074862345214793624e-01
3.202629702368886200e+01 7.847721301139419126e+00 -4.640720968037066463e-01
3.358412290218873153e+01 7.730537483859222903e+00 -5.859190864009813371e-01
3.511503835554271546e+01 7.578617049680588025e+00 -7.596021708931730565e-01
3.661170857871710638e+01 7.388085182063314882e+00 -9.526593380863649374e-01
3.806645951886737578e+01 7.159424219439393333e+00 -1.143304813119607966e+00
3.947234244871005870e+01 6.899405078987459916e+00 -1.300095702259666641e+00
4.082445019005560738e+01 6.621672334467990417e+00 -1.388663722597348382e+00
4.212118406662299464e+01 6.345666431205855496e+00 -1.380029516310676607e+00
4.336953951709806887e+01 6.137888073544941037e+00 -1.038891788304571184e+00
4.458250079290356638e+01 5.991724684509968313e+00 -7.308169451748638412e-01
4.576904958856711403e+01 5.873763272125469115e+00 -5.898070619224966560e-01
4.693118908492500196e+01 5.747631691453439551e+00 -6.306579033601495965e-01
4.806431244481957066e+01 5.583601907492304228e+00 -8.201489198056785002e-01
4.915917696975859030e+01 5.365043341897889562e+00 -1.092792827972075109e+00
5.017979872952093956e+01 4.841174255725650966e+00 -2.619345430861195201e+00
5.107241354775491970e+01 4.084973926614100748e+00 -3.781001645557751978e+00
5.182359082947357365e+01 3.426798890572421818e+00 -3.290875180208394646e+00
5.244166491477346881e+01 2.753941962426487589e+00 -3.364284640729670706e+00
5.293459439026231195e+01 2.175352792461945128e+00 -2.892945849822711857e+00
5.332080780165374279e+01 1.686781321452492044e+00 -2.442857355047265866e+00
5.359935855138127181e+01 1.098726175822670736e+00 -2.940275728149106094e+00
5.375699593095182394e+01 4.776476198829178177e-01 -3.105392779698764372e+00
5.378876642881893133e+01 0.000000000000000000e+00 -3.187951305473593511e+00
5.378876642881893133e+01 0.000000000000000000e+00 -1.123415911829509728e+00
5.378876642881893133e+01 0.000000000000000000e+00 -1.113014249769657127e-01
5.379666154518791643e+01 7.895116368986127009e-02 3.947558184493062949e-01
5.379666154518791643e+01 0.000000000000000000e+00 -1.437877006399558288e+00
5.379666154518791643e+01 0.000000000000000000e+00 -2.685319722619901039e-01
5.380298435608406038e+01 6.322810896135881709e-02 3.161405448067940993e-01
5.383014938989747833e+01 2.084222291728228260e-01 7.259706010573199197e-01
5.387815664662818449e+01 2.716503381341816570e-01 3.161405448067942103e-01
5.394228476672616779e+01 3.696308628456876910e-01 4.899026235575302257e-01
5.403420559289146041e+01 5.495773988072989447e-01 8.997326798080560462e-01
5.417066742608402308e+01 8.150409331183118278e-01 1.327317671555064305e+00
5.436613992258491379e+01 1.139684031890584315e+00 1.623215493861361658e+00
5.463030390183024565e+01 1.501955760562724729e+00 1.811358643360701626e+00
5.496897207166627908e+01 1.884725937797618656e+00 1.913850886174469412e+00
5.538488548792531674e+01 2.274408224792810795e+00 1.948411434975961143e+00
5.587902594254869371e+01 2.666996321440884277e+00 1.962940483240366962e+00
5.645112073358171045e+01 3.053951588889296076e+00 1.934776337242058775e+00
5.709941125797485739e+01 3.428953655042175530e+00 1.875010330764396382e+00
5.782106069483569399e+01 3.787540713566230455e+00 1.792935292620274845e+00
5.861246884428929604e+01 4.126540780969801148e+00 1.695000337017854575e+00
5.946946518670135617e+01 4.443422643150738871e+00 1.584409310904688617e+00
6.038730479688213393e+01 4.734973458657043999e+00 1.457754077531526526e+00
6.136051065342298472e+01 4.997085106751486094e+00 1.310558240472208702e+00
6.238285143045946057e+01 5.226322663613291120e+00 1.146187784309025792e+00
6.344771502919450512e+01 5.422313323737052215e+00 9.799533006188052564e-01
6.454910367124583104e+01 5.591573096776340179e+00 8.462988651964407083e-01
6.568282328385950564e+01 5.745623029360196199e+00 7.702496629192823185e-01
6.684647457006923332e+01 5.890889832737184584e+00 7.263340168849422573e-01
6.803881770296386833e+01 6.032541496209113063e+00 7.082583173596403991e-01
6.925906666728408823e+01 6.169948146993158744e+00 6.870332539202275157e-01
7.050649022642123498e+01 6.304287444378330107e+00 6.716964869258551518e-01
7.178012997325690492e+01 6.432110023978288460e+00 6.391128979997926507e-01
7.307840379389176633e+01 6.550628182370445529e+00 5.925907919607842356e-01
7.439927101000684218e+01 6.658043978780329830e+00 5.370789820494228373e-01
7.574034905783658189e+01 6.752736499516933222e+00 4.734626036830188456e-01
7.709912587857525068e+01 6.835031707869824835e+00 4.114760417644560686e-01
7.847321649791213360e+01 6.905874485498926241e+00 3.542138881455071941e-01
7.986047042697504139e+01 6.966664805130236893e+00 3.039515981565515390e-01
8.125900860601096554e+01 7.018716985228894423e+00 2.602609004932855408e-01
8.266847565263351783e+01 7.075953480996703071e+00 2.861824788390447960e-01
8.408969055060451581e+01 7.136195498713221674e+00 3.012100885825930163e-01
8.552308103128186190e+01 7.197709308060304956e+00 3.075690467354166291e-01
8.696876544242734042e+01 7.259134803394505120e+00 3.071274766710015425e-01
8.842662131015330829e+01 7.319423873865124719e+00 3.014453523530985501e-01
8.989634243906246525e+01 7.377787415226317869e+00 2.918177068059673585e-01
9.137748617381672034e+01 7.433649932316346742e+00 2.793125854501428140e-01
9.286951224595573251e+01 7.486610789073801620e+00 2.648042837872757183e-01
9.437181445112621248e+01 7.536411262630989150e+00 2.490023677859365403e-01
9.588374624235062527e+01 7.582906649613062378e+00 2.324769349103650296e-01
9.740464118296490881e+01 7.626042756529869848e+00 2.156805345840371591e-01
9.893382907685855798e+01 7.665836182406451371e+00 1.989671293829095577e-01
1.004706484821935248e+02 7.702357870943266960e+00 1.826084426840757224e-01
1.020144562164828272e+02 7.735719471949838777e+00 1.668080050328613062e-01
1.035646343744775209e+02 7.766062107997087516e+00 1.517131802362439441e-01
1.051205953045405863e+02 7.793547192633601739e+00 1.374254231825719486e-01
1.066817849229596931e+02 7.818348991557283689e+00 1.240089946184107783e-01
1.082476846879418986e+02 7.840648658264781190e+00 1.114983335374879758e-01
1.098178125049024771e+02 7.860629511340962772e+00 9.990426538090650677e-02
1.113917227912470338e+02 7.878473352104694349e+00 8.921920381865935945e-02
1.129690058913754314e+02 7.894357649179231551e+00 7.942148537268758912e-02
