0.000000000000000000e+00 8.000000000000000000e+00 0.000000000000000000e+00
1.600000000000001643e+00 8.000000000000000000e+00 0.000000000000000000e+00
3.199196412689815361e+00 7.991964126898126963e+00 -4.017936550936540563e-02
4.795513045766028881e+00 7.971202203864027780e+00 -1.038096151704959863e-01
6.386780130813218825e+00 7.941468646607860116e+00 -1.486677862808385153e-01
7.971499930510789866e+00 7.905729350367831643e+00 -1.786964812001433645e-01
9.548703425519665444e+00 7.866305599720954334e+00 -1.971187532343865456e-01
1.111783331547129805e+01 7.824993299795390378e+00 -2.065614996278194448e-01
1.267864883034236989e+01 7.783161848915320036e+00 -2.091572544003527656e-01
1.423114862393274471e+01 7.741836086988409527e+00 -2.066288096345512137e-01
1.577550864418349619e+01 7.701764115519075915e+00 -2.003598573466681687e-01
1.731203238418071422e+01 7.663473284453053758e+00 -1.914541553301110088e-01
1.884111134132297849e+01 7.627316286969633374e+00 -1.807849874171040538e-01
2.036319386788753505e+01 7.593508978675941989e+00 -1.690365414684549261e-01
2.187876089379412647e+01 7.562161280390005125e+00 -1.567384914296853227e-01
2.338830725291209944e+01 7.533302310789681044e+00 -1.442948480016192081e-01
2.489232755528728802e+01 7.506900712962213618e+00 -1.320079891373349135e-01
2.639249913197174990e+01 7.494815053882446065e+00 -6.042829539883659562e-02
2.789062777265883497e+01 7.486471352988401939e+00 -4.171850447022226738e-02
2.938697309265763735e+01 7.476981846999586345e+00 -4.744752994407627072e-02
3.088035064202327007e+01 7.456793646656803887e+00 -1.009410017139130422e-01
3.236743045009604458e+01 7.414004434070927907e+00 -2.139460629293811200e-01
3.384258404921708063e+01 7.337531557139396199e+00 -3.823643846576574856e-01
3.529849908577571682e+01 7.221618808446987892e+00 -5.795637434620419803e-01
3.672692237180855557e+01 7.062614051881417332e+00 -7.950237828278527985e-01
3.811959201017625531e+01 6.864082331795573033e+00 -9.926586004292230481e-01
3.946914127006646567e+01 6.631410267106460310e+00 -1.163360323445562727e+00
4.077007125015824585e+01 6.377889533811428535e+00 -1.267603666475159763e+00
4.201995089849012288e+01 6.120906949507380901e+00 -1.284912921520236617e+00
4.322338064361479582e+01 5.913390501739276495e+00 -1.037582238840523141e+00
4.439200621140179948e+01 5.772865176130787646e+00 -7.026266280424438015e-01
4.553589957115608655e+01 5.666068421412106204e+00 -5.339837735934065410e-01
4.665825632295803871e+01 5.557499096607374511e+00 -5.428466240236593521e-01
4.775579141708469422e+01 5.417851844659230309e+00 -6.982362597407199001e-01
4.882045406869563209e+01 5.228774671450150180e+00 -9.453858660453992035e-01
4.984100399998480668e+01 4.976724641441525598e+00 -1.260250150043121131e+00
5.080486841342911219e+01 4.661919493001595249e+00 -1.574025742199652189e+00
5.170065061623297709e+01 4.295902535036998593e+00 -1.830084789822981284e+00
5.252086874766891356e+01 3.906278779322423400e+00 -1.948118778572876408e+00
5.327147098510720724e+01 3.599743595060536983e+00 -1.532675921309431200e+00
5.396896278681814607e+01 3.375174422048755840e+00 -1.122845865058905490e+00
5.462973735505172357e+01 3.232571260287079973e+00 -7.130158088083796697e-01
5.523336504856278850e+01 2.803705674823487648e+00 -2.144327927317962068e+00
5.574738263619737211e+01 2.336470201522395485e+00 -2.336177366505459929e+00
5.617159789222430533e+01 1.905682358746948024e+00 -2.153939213877237524e+00
5.651700092968373212e+01 1.548348015847366588e+00 -1.786671714497906738e+00
5.680339361908326623e+01 1.315578878147891206e+00 -1.163845688497376241e+00
5.704946074120289268e+01 1.145092343048468964e+00 -8.524326754971109921e-01
5.726454468643265017e+01 1.005747109249073290e+00 -6.967261689969783678e-01
5.745331664996752608e+01 8.819725260996909011e-01 -6.188729157469120556e-01
5.761811222940502830e+01 7.659832682753151545e-01 -5.799462891218789551e-01
5.776009922354390369e+01 6.538866731134427290e-01 -5.604829758093623493e-01
5.787986153178353277e+01 5.437364092828218531e-01 -5.507513191531040464e-01
5.797434741842354811e+01 4.011224571173221398e-01 -7.130697608274985111e-01
5.804203101561376599e+01 2.757135147848877033e-01 -6.270447116621721273e-01
5.808567789885689336e+01 1.607553176463749622e-01 -5.747909856925637051e-01
5.810729112764845183e+01 5.537697026921288568e-02 -5.268917368858103689e-01
5.810870683985939422e+01 0.000000000000000000e+00 -4.829840921450714863e-01
5.811288512955669461e+01 4.178289697305068162e-02 2.089144848652533804e-01
5.812014135819860883e+01 3.077938944605929789e-02 -5.501753763495692562e-02
5.812310416382663902e+01 0.000000000000000000e+00 -1.596536130591573455e-01
5.813051575831480022e+01 7.411594488164208183e-02 3.705797244082104092e-01
5.816094714290429835e+01 2.301979010133893278e-01 7.804097806587362296e-01
5.823079151984516955e+01 4.682458683952417378e-01 1.190239836909261939e+00
5.835570659729665977e+01 7.809049061197022024e-01 1.563295188622302323e+00
5.854823215455041208e+01 1.144350666417792262e+00 1.817228801490449630e+00
5.881659342867533979e+01 1.539262074831466265e+00 1.974557042068369572e+00
5.916554583948686030e+01 1.950262033283762797e+00 2.054999792261482661e+00
5.959708956850607109e+01 2.365175256908328194e+00 2.074566118122826985e+00
6.011108173991460291e+01 2.774746457176977099e+00 2.047856001343244969e+00
6.070573233491176524e+01 3.171759492794656410e+00 1.985065178088397220e+00
6.137792816472815360e+01 3.550198805369279675e+00 1.892196562873115662e+00
6.212328402659100135e+01 3.903359813259204003e+00 1.765805039449622749e+00
6.293614421604763010e+01 4.225242081307023945e+00 1.609411340239100152e+00
6.380990867697591540e+01 4.512402527975839739e+00 1.435802233344080081e+00
6.473780298882456918e+01 4.766540590510683906e+00 1.270690312674219280e+00
6.571416900404751971e+01 4.997119561718760039e+00 1.152894856040381777e+00
6.673503992332805979e+01 5.211589631086745555e+00 1.072350346839926694e+00
6.779775448127681159e+01 5.415555948400831987e+00 1.019831586570431714e+00
6.890038621569114241e+01 5.610761395742324353e+00 9.760272367074624977e-01
7.004116337543139537e+01 5.797010201660199868e+00 9.312440295893760211e-01
7.121831277099620650e+01 5.974483753987936296e+00 8.873677616386802525e-01
7.242975920282079016e+01 6.139980564257911055e+00 8.274840513498751271e-01
7.367295349417791783e+01 6.291962349313402036e+00 7.599089252774533509e-01
7.494503585198555129e+01 6.428861228762885460e+00 6.844943972474173410e-01
7.624292669103245146e+01 6.550047161706104681e+00 6.059296647160944405e-01
7.756355237921980006e+01 6.656209720167426624e+00 5.308127923066094933e-01
7.890402583201486664e+01 6.748524807783232937e+00 4.615754380790297318e-01
8.026173345227419986e+01 6.828551394810085995e+00 4.001329351342639007e-01
8.163565699802666131e+01 6.910684062714547160e+00 4.106633395223048821e-01
8.302602677244007623e+01 6.993013681419693484e+00 4.116480935257311735e-01
8.443273448811291360e+01 7.074063475308757454e+00 4.052489694453191849e-01
8.585541243731123018e+01 7.152716016674295574e+00 3.932627068276913218e-01
8.729349910239639598e+01 7.228150634177277212e+00 3.771730875149099660e-01
8.874629316056665118e+01 7.299789947525408884e+00 3.581965667406564191e-01
9.021299759282355524e+01 7.367254375043633452e+00 3.373221375911231723e-01
9.169275538886894594e+01 7.430323585410199883e+00 3.153460518328334294e-01
9.318467814529812188e+01 7.488903978881611856e+00 2.929019673570605886e-01
9.468786868191168082e+01 7.543001387253999823e+00 2.704870418619392258e-01
9.620143864824817115e+01 7.592698276110882105e+00 2.484844442844096335e-01
9.772452195767367300e+01 7.638134818144155957e+00 2.271827101663698723e-01
