0.00 8.00 0.00
0.20 7.99 -0.07
0.40 7.96 -0.13
0.60 7.93 -0.17
0.80 7.89 -0.19
1.00 7.85 -0.20
1.20 7.81 -0.21
1.40 7.76 -0.21
1.60 7.72 -0.20
1.80 7.68 -0.20
2.00 7.63 -0.26
2.20 7.57 -0.32
2.40 7.50 -0.36
2.60 7.42 -0.38
2.80 7.35 -0.37
3.00 7.28 -0.35
3.20 7.21 -0.32
3.40 7.15 -0.30
3.60 7.10 -0.28
3.80 7.05 -0.26
4.00 7.00 -0.24
4.20 6.95 -0.23
4.40 6.91 -0.23
4.60 6.86 -0.25
4.80 6.79 -0.32
5.00 6.69 -0.49
5.20 6.55 -0.70
5.40 6.37 -0.93
5.60 6.14 -1.13
5.80 5.88 -1.30
6.00 5.60 -1.39
6.20 5.33 -1.37
6.40 5.15 -0.92
6.60 5.05 -0.47
6.80 5.02 -0.14
7.00 5.04 0.10
7.20 5.10 0.28
7.40 4.54 -2.79
7.60 4.07 -2.34
7.80 3.56 -2.60
8.00 3.01 -2.73
8.20 2.45 -2.81
8.40 1.88 -2.85
8.60 1.30 -2.87
8.80 0.77 -2.66
9.00 0.28 -2.44
9.20 0.00 -2.24
9.40 0.00 -1.04
9.60 0.00 -0.11
9.80 0.08 0.40
10.00 0.24 0.81
10.20 0.48 1.22
10.40 0.80 1.58
10.60 1.17 1.83
10.80 1.56 1.98
11.00 1.97 2.05
11.20 2.38 2.06
11.40 2.79 2.02
11.60 3.18 1.96
11.80 3.56 1.89
12.00 3.92 1.79
12.20 4.25 1.69
12.40 4.57 1.57
12.60 4.86 1.45
12.80 5.12 1.33
13.00 5.37 1.21
13.20 5.59 1.10
13.40 5.79 1.00
13.60 5.97 0.90
13.80 6.13 0.80
14.00 6.27 0.70
14.20 6.38 0.59
14.40 6.48 0.48
14.60 6.56 0.38
14.80 6.62 0.33
15.00 6.69 0.33
15.20 6.76 0.35
15.40 6.84 0.37
15.60 6.91 0.39
15.80 6.99 0.40
16.00 7.07 0.39
16.20 7.14 0.36
16.40 7.21 0.33
16.60 7.27 0.29
16.80 7.32 0.25
17.00 7.36 0.21
17.20 7.40 0.18
17.40 7.44 0.19
17.60 7.48 0.20
17.80 7.52 0.20
18.00 7.55 0.20
18.20 7.59 0.19
18.40 7.63 0.18
18.60 7.66 0.17
18.80 7.70 0.16
19.00 7.73 0.15
19.20 7.75 0.14
19.40 7.78 0.13
19.60 7.80 0.12
19.80 7.83 0.11
20.00 7.85 0.10
