0.00 8.00 0.00
0.20 8.00 0.00
0.40 7.99 -0.04
0.60 7.97 -0.10
0.80 7.94 -0.15
1.00 7.91 -0.18
1.20 7.87 -0.20
1.40 7.82 -0.21
1.60 7.78 -0.21
1.80 7.74 -0.21
2.00 7.70 -0.20
2.20 7.66 -0.19
2.40 7.63 -0.18
2.60 7.59 -0.17
2.80 7.56 -0.16
3.00 7.53 -0.14
3.20 7.51 -0.13
3.40 7.49 -0.06
3.60 7.49 -0.04
3.80 7.48 -0.05
4.00 7.46 -0.10
4.20 7.41 -0.21
4.40 7.34 -0.38
4.60 7.22 -0.58
4.80 7.06 -0.80
5.00 6.86 -0.99
5.20 6.63 -1.16
5.40 6.38 -1.27
5.60 6.12 -1.28
5.80 5.91 -1.04
6.00 5.77 -0.70
6.20 5.67 -0.53
6.40 5.56 -0.54
6.60 5.42 -0.70
6.80 5.23 -0.95
7.00 4.98 -1.26
7.20 4.66 -1.57
7.40 4.30 -1.83
7.60 3.91 -1.95
7.80 3.60 -1.53
8.00 3.38 -1.12
8.20 3.23 -0.71
8.40 2.80 -2.14
8.60 2.34 -2.34
8.80 1.91 -2.15
9.00 1.55 -1.79
9.20 1.32 -1.16
9.40 1.15 -0.85
9.60 1.01 -0.70
9.80 0.88 -0.62
10.00 0.77 -0.58
10.20 0.65 -0.56
10.40 0.54 -0.55
10.60 0.40 -0.71
10.80 0.28 -0.63
11.00 0.16 -0.57
11.20 0.06 -0.53
11.40 0.00 -0.48
11.60 0.04 0.21
11.80 0.03 -0.06
12.00 0.00 -0.16
12.20 0.07 0.37
12.40 0.23 0.78
12.60 0.47 1.19
12.80 0.78 1.56
13.00 1.14 1.82
13.20 1.54 1.97
13.40 1.95 2.05
13.60 2.37 2.07
13.80 2.77 2.05
14.00 3.17 1.99
14.20 3.55 1.89
14.40 3.90 1.77
14.60 4.23 1.61
14.80 4.51 1.44
15.00 4.77 1.27
15.20 5.00 1.15
15.40 5.21 1.07
15.60 5.42 1.02
15.80 5.61 0.98
16.00 5.80 0.93
16.20 5.97 0.89
16.40 6.14 0.83
16.60 6.29 0.76
16.80 6.43 0.68
17.00 6.55 0.61
17.20 6.66 0.53
17.40 6.75 0.46
17.60 6.83 0.40
17.80 6.91 0.41
18.00 6.99 0.41
18.20 7.07 0.41
18.40 7.15 0.39
18.60 7.23 0.38
18.80 7.30 0.36
19.00 7.37 0.34
19.20 7.43 0.32
19.40 7.49 0.29
19.60 7.54 0.27
19.80 7.59 0.25
20.00 7.64 0.23
