0.000000000000000000e+00 1.200000000000000000e+01 0.000000000000000000e+00
2.393043478260866497e+00 1.193043478260869605e+01 -3.478260869565218405e-01
4.763902514333643090e+00 1.177815557811909919e+01 -7.613960224479801031e-01
7.098567302686649150e+00 1.156849230541093831e+01 -1.048316363540801488e+00
9.387533681889687287e+00 1.132117148661943773e+01 -1.236604093957499151e+00
1.162480122294187446e+01 1.105150392390243397e+01 -1.348337813585020584e+00
1.380706634470928762e+01 1.077114729377167457e+01 -1.401783150653800103e+00
1.593307459988455044e+01 1.048893525798096960e+01 -1.411060178953523536e+00
1.800311155587642986e+01 1.021143430193782642e+01 -1.387504780215719657e+00
2.001859492714487132e+01 9.943399410746589950e+00 -1.340174455956185007e+00
2.198174931840119939e+01 9.688144501816665866e+00 -1.276274544649624643e+00
2.389598867785338854e+01 9.454249092705255819e+00 -1.169477045557052008e+00
2.576551655146750974e+01 9.241029643435933139e+00 -1.066097246346616956e+00
2.759507620478214562e+01 9.054566889710399025e+00 -9.323137686276692371e-01
2.938902566243204362e+01 8.884927686788559598e+00 -8.481960146091985786e-01
3.115000591702350974e+01 8.724874859126103388e+00 -8.002641383122839347e-01
3.287994180476245987e+01 8.574484018263339280e+00 -7.519542043138243148e-01
3.458053485139045335e+01 8.431446448016636452e+00 -7.151878512335124727e-01
3.625258404748500141e+01 8.289045512928819193e+00 -7.120046754390898514e-01
3.789499105080726338e+01 8.135024520293850259e+00 -7.701049631748417834e-01
3.950384521762055101e+01 7.953517147839027857e+00 -9.075368622741134539e-01
4.107203999575376940e+01 7.728430633493104551e+00 -1.125432571729614972e+00
4.258993685951006114e+01 7.450538004069828801e+00 -1.389463147116380526e+00
4.404673299666078634e+01 7.117423367437404558e+00 -1.665573183162119220e+00
4.543156170362200186e+01 6.730863702174720409e+00 -1.932798326313419857e+00
4.673379983708066732e+01 6.291517632411994576e+00 -2.196730348813630052e+00
4.794128006051561641e+01 5.783284601937424441e+00 -2.541165152372850677e+00
4.904384075994087056e+01 5.242322392315170276e+00 -2.704811048111269045e+00
5.003642499907215324e+01 4.683519998997717870e+00 -2.794011966587261142e+00
5.091627631793718933e+01 4.114993189652528471e+00 -2.842634046725947883e+00
5.168189221162947433e+01 3.541165747270361486e+00 -2.869137211910834928e+00
5.233242270901605053e+01 2.964139226595399190e+00 -2.885132603374811922e+00
5.286938144264326667e+01 2.405448109676781243e+00 -2.793455584593088403e+00
5.330034197688646458e+01 1.904157232755171458e+00 -2.506454384608048702e+00
5.363668202518858408e+01 1.459243250265975345e+00 -2.224569912445980790e+00
5.389042753371462879e+01 1.078211834994586393e+00 -1.905157076356944756e+00
5.407213223454432693e+01 7.388351733023108547e-01 -1.696883308461377915e+00
5.418958463605188314e+01 4.356888417732466823e-01 -1.515731657645320807e+00
5.424892887802810293e+01 1.577535779889671641e-01 -1.389676318921397424e+00
5.425500219444566596e+01 0.000000000000000000e+00 -1.273869959011277198e+00
5.425500219444566596e+01 0.000000000000000000e+00 -2.968082784317972456e-01
5.426104224228010509e+01 6.040047834437809599e-02 3.020023917218904730e-01
5.428735898690842987e+01 2.027669679388613144e-01 7.118324479724160714e-01
5.435034563058066226e+01 4.270994687834496761e-01 1.121662504222941781e+00
5.446589294939703052e+01 7.283737193802304333e-01 1.506371252983903508e+00
5.464687496099372765e+01 1.081446396586759784e+00 1.765363386032646975e+00
5.490161629139188193e+01 1.465966907394746999e+00 1.922602554039935630e+00
5.523480175262776015e+01 1.865887704964041216e+00 1.999603987846470643e+00
5.564880811995554666e+01 2.274175968313784768e+00 2.041441316748717760e+00
5.614429149623200033e+01 2.680657794450859832e+00 2.032409130685375764e+00
5.672012643453097525e+01 3.077691588538792988e+00 1.985168970439666225e+00
5.737387394558436426e+01 3.459783521995077660e+00 1.910459667281423801e+00
5.810214998355095872e+01 3.822976857670906892e+00 1.815966678379145716e+00
5.890089368483796051e+01 4.164460155199095404e+00 1.707416487640943226e+00
5.976548074988296122e+01 4.481410495250930381e+00 1.584751700259174001e+00
6.069060503890743519e+01 4.769832394993883895e+00 1.442109498714768900e+00
6.167011465299248130e+01 5.025263745856594966e+00 1.277156754313556242e+00
6.269705673281184488e+01 5.244157052336899660e+00 1.094466532401523917e+00
6.376419925153896173e+01 5.427268134934264410e+00 9.155554129868235247e-01
6.486592903096853036e+01 5.590029659361473335e+00 8.138076221360448503e-01
6.599979164184827596e+01 5.748596449435903644e+00 7.928339503721513193e-01
6.716523724970488729e+01 5.905859629130327804e+00 7.863158984721206890e-01
6.836187908588175333e+01 6.060558732638230417e+00 7.734955175395115123e-01
6.958876174336937481e+01 6.208267842237984446e+00 7.385455479987692584e-01
7.084424282561907660e+01 6.346542980259041400e+00 6.913756901052856563e-01
7.212617576499553707e+01 6.472786413505629000e+00 6.312171662329361110e-01
7.343202796934940579e+01 6.585735630033004995e+00 5.647460826368779774e-01
7.475914420182380127e+01 6.685426694711029683e+00 4.984553233901237723e-01
7.610494097493140941e+01 6.772541036365069544e+00 4.355717082701978660e-01
7.746702188821612367e+01 6.848268096482047262e+00 3.786353005848904218e-01
7.884323793611979170e+01 6.913892382554746696e+00 3.281214303634983898e-01
8.023169148966090347e+01 6.970643152856145441e+00 2.837538515069925049e-01
8.163198998506562987e+01 7.032341801191248187e+00 3.084932416755141737e-01
8.304490275524941012e+01 7.096785900646533918e+00 3.222204972764295405e-01
8.447080414583554386e+01 7.162228005214912763e+00 3.272105228418937806e-01
8.590975716493942116e+01 7.227302185823728742e+00 3.253709030440777861e-01
8.736158345354536436e+01 7.290960700235771696e+00 3.182925720602140518e-01
8.882592148207392313e+01 7.352419585049660533e+00 3.072944240694459594e-01
9.030227464852482910e+01 7.411112079459515556e+00 2.934624720492758354e-01
9.179005074678191534e+01 7.466648903111303248e+00 2.776841182589397938e-01
9.328859408852839863e+01 7.518784514353682447e+00 2.606780562118945488e-01
9.479721139702441235e+01 7.567388570606324194e+00 2.430202812632070719e-01
9.631519244405976110e+01 7.612421899747274345e+00 2.251666457047512004e-01
9.784182627110641306e+01 7.653916370719142215e+00 2.074723548593384592e-01
9.937641372051747624e+01 7.691958123391446023e+00 1.902087633615205664e-01
1.009182769011112981e+02 7.726673682546960187e+00 1.735777957775694880e-01
1.024667661232815306e+02 7.758218539155290472e+00 1.577242830416494823e-01
1.040212647606305723e+02 7.786767834335105221e+00 1.427464758990737992e-01
1.055811924268702455e+02 7.812508828061525357e+00 1.287049686321021236e-01
1.071460067972973889e+02 7.835634876210193056e+00 1.156302407433374702e-01
1.087152043525575209e+02 7.856340676390835220e+00 1.035290009032110853e-01
1.102883202777602349e+02 7.874818575636489904e+00 9.238949622827502539e-02
1.118649277115021334e+02 7.891255761782393741e+00 8.218593072951746459e-02
1.134446365062471926e+02 7.905832185668343115e+00 7.288211942974552604e-02
1.150270916331622004e+02 7.918719083481745358e+00 6.443448906701290668e-02
1.166119713403054874e+02 7.930077987951102081e+00 5.679452234678211697e-02
1.181989851525007253e+02 7.940060134001130088e+00 4.991073025013816056e-02
1.197878717838174083e+02 7.948806179165806007e+00 4.373022582337791203e-02
1.213783970189114712e+02 7.956446171774791409e+00 3.819996304492806471e-02
1.229703516071799072e+02 7.963099710909555817e+00 3.326769567382133197e-02
1.245635492034282379e+02 7.968876251573827396e+00 2.888270332135724899e-02
