0.000000000000000000e+00 6.000000000000000000e+00 0.000000000000000000e+00
1.203478260869562000e+00 6.034782608695651973e+00 1.739130434782607815e-01
2.415662961410547371e+00 6.087064396714169767e+00 2.614089400925874718e-01
3.639491656015835463e+00 6.151222549338747569e+00 3.207907631228898993e-01
4.876901794756552277e+00 6.222878838068442775e+00 3.582814436484757503e-01
6.129051206280532682e+00 6.298615277171384363e+00 3.786821955147094410e-01
7.396492939379100129e+00 6.375802053814308756e+00 3.859338832146222420e-01
8.679318343317808271e+00 6.452451985572759341e+00 3.832496587922523679e-01
9.977273360467281194e+00 6.527098185921957452e+00 3.732310017459908869e-01
1.128985236334278852e+01 6.598691842833088295e+00 3.579682845556559911e-01
1.261637326882322618e+01 6.666517211971287438e+00 3.391268456909969919e-01
1.395603711819089909e+01 6.730121281705463865e+00 3.180203486708830796e-01
1.530797483513029000e+01 6.789255887688446123e+00 2.956730299149133434e-01
1.667128345778730747e+01 6.843830338881721431e+00 2.728722559663774305e-01
1.804505377938498256e+01 6.893872877095044593e+00 2.502126910666149229e-01
1.942839101974044169e+01 6.939499526459590228e+00 2.281332468227292298e-01
2.082042988215663115e+01 6.980889097702270618e+00 2.069478562134027810e-01
2.222092382566178870e+01 7.024050337349295958e+00 2.158061982351251462e-01
2.363009999185331722e+01 7.067711324565958186e+00 2.183049360833100860e-01
2.504796106220609531e+01 7.110899378961870632e+00 2.159402719795619763e-01
2.647433829098572389e+01 7.152872908834349452e+00 2.098676493623957418e-01
2.790894454040241612e+01 7.193189585332602221e+00 2.015833824912647843e-01
2.935140922897573290e+01 7.231457300400580657e+00 1.913385753398912370e-01
3.080068769864507416e+01 7.261327396292803549e+00 1.493504794611129338e-01
3.225523512623475852e+01 7.284146879604056934e+00 1.140974165562684828e-01
3.371369877509201984e+01 7.300489608968503852e+00 8.171364682223479503e-02
3.517466066772214361e+01 7.309129317332756948e+00 4.319854182126479231e-02
3.663610346497439707e+01 7.305298655189828239e+00 -1.915331071464548146e-02
3.809460770318482759e+01 7.279743726914422730e+00 -1.277746413770264045e-01
3.954438750137394010e+01 7.218054254976718376e+00 -3.084473596885214386e-01
4.097684740731631337e+01 7.106544804447007202e+00 -5.575472526485549807e-01
4.238120496263898218e+01 6.937030748779648093e+00 -8.475702783367956572e-01
4.374563224158134034e+01 6.707242040644004533e+00 -1.148943540678216024e+00
4.505822081178622796e+01 6.418643661404825451e+00 -1.442991896195895851e+00
4.630753943731362199e+01 6.074542593869086460e+00 -1.720505337678696733e+00
4.748138914225962992e+01 5.663954455591055925e+00 -2.052940691390151784e+00
4.856676411331227428e+01 5.189795254935342328e+00 -2.370796003278570208e+00
4.955182060112544917e+01 4.660769623196425293e+00 -2.645128158694586062e+00
5.042811371340701498e+01 4.102161499619203511e+00 -2.793040617886106691e+00
5.119166034627840389e+01 3.533304829094658484e+00 -2.844283352622725580e+00
5.184120596618913623e+01 2.962151370012725771e+00 -2.855767295409662232e+00
5.237806534515261347e+01 2.406442419622067064e+00 -2.778544751953293090e+00
5.280805571209604921e+01 1.893461249812235625e+00 -2.564905849049156750e+00
5.314206204734014705e+01 1.446602102628729902e+00 -2.234295735917528614e+00
5.339412042534439706e+01 1.073981677413806235e+00 -1.863102126074618781e+00
5.357518547716745871e+01 7.366688408168100555e-01 -1.686564182984980897e+00
5.369234430564183924e+01 4.349194439269983281e-01 -1.508746984449058415e+00
5.375166952029123024e+01 1.583327025669609700e-01 -1.382933706800186791e+00
5.375798227617995195e+01 0.000000000000000000e+00 -1.267689231233505964e+00
5.375798227617995195e+01 0.000000000000000000e+00 -3.068649923795406798e-01
5.376392175687492170e+01 5.939480694960377893e-02 2.969740347480188669e-01
5.378993680008481704e+01 2.007556251493126664e-01 7.068040909985444653e-01
5.385242060805965281e+01 4.240824545991267458e-01 1.116634147249070175e+00
5.396790191688361205e+01 7.307306336404962854e-01 1.533240895206847476e+00
5.414975118761399386e+01 1.087762073663347984e+00 1.785157200114258158e+00
5.440603610042451521e+01 1.475087054441832857e+00 1.936624903892424587e+00
5.474121807974565002e+01 1.876732738769435027e+00 2.008228421638010630e+00
5.515692922101670348e+01 2.280378673941137802e+00 2.018229675858513872e+00
5.565329434173381173e+01 2.683272533229936307e+00 2.014469296443991198e+00
5.622937978502901757e+01 3.077581899722139358e+00 1.971546832461014809e+00
5.688289595243562502e+01 3.457579774343918277e+00 1.899989373108894597e+00
5.761058190365733367e+01 3.819279737873245484e+00 1.808499817646636032e+00
5.840849918529989537e+01 4.159893078552294732e+00 1.703066703395246684e+00
5.927219602110503871e+01 4.477075279499215021e+00 1.585911004734599450e+00
6.019666136928336897e+01 4.767578202284027178e+00 1.452514613924061004e+00
6.117612477197545218e+01 5.027055824636784465e+00 1.297388111763788654e+00
6.220398332971531374e+01 5.251529752761836534e+00 1.122369640625260789e+00
6.327310700496455809e+01 5.439706999730606896e+00 9.408862348438516987e-01
6.437697807515174020e+01 5.599003702141350125e+00 7.964835120537159252e-01
6.551201239980886726e+01 5.751339544429788120e+00 7.616792114421901960e-01
6.667735895069115770e+01 5.902125964393160729e+00 7.539320998168631549e-01
6.787278926854375527e+01 6.052177214132851368e+00 7.502562486984515333e-01
6.909773449380979571e+01 6.197275038527400248e+00 7.254891219727441776e-01
7.035088917735532732e+01 6.334271796927955833e+00 6.849837920027770366e-01
7.163038214451803753e+01 6.460657874699256453e+00 6.319303888565012128e-01
7.293389526989906813e+01 6.574473379110997051e+00 5.690775220587045435e-01
7.425888120951681515e+01 6.675386017066491817e+00 5.045631897774736085e-01
7.560279938240476838e+01 6.763795711812865541e+00 4.420484737318665092e-01
7.696325101623096998e+01 6.840720626449350306e+00 3.846245731824231573e-01
7.833807588435068681e+01 6.907528054747788637e+00 3.340371414921898263e-01
7.972535772732898351e+01 6.965290375035253945e+00 2.888116014373254825e-01
8.112339959901044040e+01 7.015128341779249155e+00 2.491898337199742741e-01
8.253198427855322450e+01 7.070718453648562551e+00 2.779505593465672053e-01
8.395203421756217210e+01 7.129780936440774930e+00 2.953124139610627252e-01
8.538406191221982056e+01 7.190496010135794869e+00 3.035753684751005821e-01
8.682825456709061029e+01 7.251430538571981721e+00 3.046726421809324292e-01
8.828454509073679901e+01 7.311474697889960517e+00 3.002207965898950892e-01
8.975267130835277385e+01 7.369787478269879344e+00 2.915639018995963561e-01
9.123222505122603820e+01 7.425749950462732230e+00 2.798123609642642062e-01
9.272269258001962555e+01 7.478925337473081747e+00 2.658769350517489194e-01
9.422348761701181274e+01 7.529025032448928734e+00 2.504984748792339344e-01
9.573397809990525786e+01 7.575879796485525119e+00 2.342738201829802080e-01
9.725350762504173474e+01 7.619415454879236549e+00 2.176782919685586459e-01
9.878141241929817795e+01 7.659632487685179569e+00 2.010851640297149079e-01
1.003170345661275178e+02 7.696588980608284558e+00 1.847824646155252215e-01
1.018597321107585003e+02 7.730386465701406529e+00 1.689874254656088537e-01
1.034088865811775690e+02 7.761158238489334948e+00 1.538588639396410440e-01
1.049639083839693114e+02 7.789059789428030456e+00 1.395077546934764268e-01
1.065242404662609488e+02 7.814261033488492991e+00 1.260062203023107064e-01
1.080893605758659533e+02 7.836940062561440712e+00 1.133951453647403934e-01
1.096587824002957205e+02 7.857278181736234046e+00 1.016905958739678650e-01
