0.000000000000000000e+00 1.000000000000000000e+01 0.000000000000000000e+00
1.996521739130433959e+00 9.965217391304348027e+00 -1.739130434782609202e-01
3.981213617479063327e+00 9.881701392181941657e+00 -4.175799956120279655e-01
5.945800948111004125e+00 9.764171914137460107e+00 -5.876473902224109702e-01
7.884635991244170583e+00 9.624178517194172500e+00 -6.999669847164405878e-01
9.794115962666021247e+00 9.470621197024362559e+00 -7.677866008490519256e-01
1.167221341253225297e+01 9.310353301637956491e+00 -8.013394769320327793e-01
1.351810620975459898e+01 9.148574670585515989e+00 -8.088931552622021792e-01
1.533187944592926755e+01 8.989157691161132391e+00 -7.970848971219173240e-01
1.711428653371692832e+01 8.834913186715457556e+00 -7.712225222283697335e-01
1.886655864676810168e+01 8.687807943796272525e+00 -7.355262145959284847e-01
2.059025372918091890e+01 8.549142880331928041e+00 -6.933253173217212018e-01
2.228713788788410355e+01 8.419698706699941582e+00 -6.472208681599282976e-01
2.395968338777065298e+01 8.305756292165559884e+00 -5.697120726719111516e-01
2.561082948096807144e+01 8.205704639808613976e+00 -5.002582617847272095e-01
2.724320111244376363e+01 8.118011674948345302e+00 -4.384648243013472557e-01
2.885914471736463227e+01 8.041424374260328634e+00 -3.829365034400846746e-01
3.046016173678199479e+01 7.968745819913294781e+00 -3.633927717351675413e-01
3.204706615830020411e+01 7.900298395268809060e+00 -3.422371232224300508e-01
3.362064743362453356e+01 7.835514357974482813e+00 -3.239201864716333978e-01
3.518136814303628057e+01 7.771692736142997049e+00 -3.191081091574270445e-01
3.672874194320317542e+01 7.702045265525947926e+00 -3.482373530852446164e-01
3.826048914596658079e+01 7.615426762108078229e+00 -4.330925170893496490e-01
3.977156270400920590e+01 7.495308818318172861e+00 -6.005897189495277289e-01
4.125381410576225960e+01 7.327205199212298403e+00 -8.405180955293714007e-01
4.269685704097716439e+01 7.103224152936773450e+00 -1.119905231377622767e+00
4.408934157633561313e+01 6.821621200647676631e+00 -1.408014761445483654e+00
4.541992768947527992e+01 6.484239930748946001e+00 -1.686906349493652923e+00
4.667785359362031272e+01 6.095019110701485054e+00 -1.946104100237302958e+00
4.785112595088112641e+01 5.637704461906601239e+00 -2.286573243974419078e+00
4.892744664685320544e+01 5.125502497814182767e+00 -2.561009820462091913e+00
4.989823458484686824e+01 4.582376882122471073e+00 -2.715628078458556693e+00
5.075871179792596166e+01 4.022395248668495071e+00 -2.799908167269880011e+00
5.150590118300385001e+01 3.449498602110318224e+00 -2.864483232790883349e+00
5.213831432367125274e+01 2.874632804563757027e+00 -2.874328987732805096e+00
5.265783388949939336e+01 2.320562853717662133e+00 -2.770349754230474915e+00
5.307170588855282745e+01 1.818157136816719532e+00 -2.512028584504712114e+00
5.339158412019975231e+01 1.380625179652430035e+00 -2.187659785821447933e+00
5.362852024104282123e+01 9.887360287783526491e-01 -1.959445754370387149e+00
5.379111435723264378e+01 6.372051331197798874e-01 -1.757654478292864031e+00
5.388744547393680051e+01 3.261060339217796145e-01 -1.555495495990001142e+00
5.392414924994305636e+01 4.093172614082268845e-02 -1.425871538904784463e+00
5.392414924994305636e+01 0.000000000000000000e+00 -1.307048910662719887e+00
5.392414924994305636e+01 0.000000000000000000e+00 -2.502277860161095102e-01
5.393065510270164964e+01 6.505852758594687923e-02 3.252926379297343962e-01
5.395836926210244400e+01 2.120830664219989226e-01 7.351226941802602166e-01
5.402368493039546138e+01 4.410736165081561300e-01 1.144952750430785926e+00
5.414235123061188659e+01 7.455893856560720234e-01 1.522578845739579023e+00
5.432698403274553556e+01 1.100738635680460487e+00 1.775746250121942094e+00
5.458569864608893596e+01 1.486407497753584162e+00 1.928344310365618153e+00
5.492299967366400892e+01 1.886602777997047786e+00 2.000976401217317679e+00
5.534055778583084617e+01 2.288978343671382198e+00 2.011877828371671839e+00
5.583853098607757914e+01 2.690753658795876468e+00 2.008876575622471794e+00
5.641601437426699306e+01 3.084080223098348394e+00 1.966632821512360296e+00
5.707074392828610598e+01 3.463215317092784407e+00 1.895675469972180727e+00
5.779948120762107777e+01 3.824157476256916155e+00 1.804710795820658520e+00
5.859830346781744481e+01 4.164065125706782666e+00 1.699538247249333667e+00
5.946274920504981054e+01 4.480392246616879071e+00 1.581635604550482910e+00
6.038774456239378452e+01 4.769561326822812752e+00 1.445845401029667521e+00
6.136740626505648066e+01 5.027055699804142463e+00 1.287471864906649888e+00
6.239501653096271383e+01 5.249046959258171441e+00 1.109956297270143111e+00
6.346340938885261806e+01 5.434881619640869133e+00 9.291733019134891247e-01
6.456635321461547505e+01 5.594556637987852632e+00 7.983750917349157206e-01
6.570069049027023311e+01 5.748816118559541444e+00 7.712974028584442809e-01
6.686575102882001431e+01 5.901789266938406442e+00 7.648657418943227704e-01
6.806128377120185746e+01 6.053538156879932686e+00 7.587444497076318850e-01
6.928659869315136177e+01 6.199611062615172585e+00 7.303645286761983879e-01
7.054027347970007611e+01 6.337136802871941477e+00 6.876287012838462331e-01
7.182034121359190237e+01 6.463540536046394003e+00 6.320186658722610762e-01
7.312440553498211671e+01 6.577102677855626744e+00 5.678107090461645967e-01
7.444987962153044236e+01 6.677638187627619182e+00 5.026775488599614095e-01
7.579420797217943573e+01 6.765645318862265611e+00 4.400356561732320926e-01
7.715499348058634155e+01 6.842209765206835215e+00 3.828222317228489047e-01
7.853007243024138972e+01 6.908579731343674091e+00 3.318498306841954903e-01
7.991752996688563826e+01 6.965995635098675365e+00 2.870795187750052602e-01
8.131568573129021615e+01 7.015562008947402006e+00 2.478318692436342341e-01
8.272433543017639579e+01 7.070934979914182072e+00 2.768648548339001647e-01
8.414441154025790581e+01 7.129826120900906616e+00 2.944557049336244958e-01
8.557643497010830913e+01 7.190408177603254458e+00 3.029102835117400416e-01
8.702059994578299040e+01 7.251241579143488103e+00 3.041670077011685569e-01
8.847684520181030621e+01 7.311210981129651287e+00 2.998470099308158665e-01
8.994491336539624626e+01 7.369470654729761705e+00 2.912983680005512555e-01
9.142440019610094737e+01 7.425397652317155206e+00 2.796349879369678382e-01
9.291479514024371156e+01 7.478551789110606585e+00 2.657706839672551724e-01
9.441551447725035473e+01 7.528641580955802937e+00 2.504489592259811492e-01
9.592592817245400738e+01 7.575495371080581464e+00 2.342689506238939123e-01
9.744538140591481579e+01 7.619036963527650919e+00 2.177079622353458310e-01
9.897321161810089052e+01 7.659265158333059986e+00 2.011409740270472257e-01
1.005087617993086582e+02 7.696236653744485956e+00 1.848574770571290715e-01
1.020513906491099760e+02 7.730051844268617245e+00 1.690759526206551677e-01
1.036004801435901896e+02 7.760843100533655559e+00 1.539562813251910689e-01
1.051554409704729807e+02 7.788765168294132124e+00 1.396103388023839376e-01
1.067157162242858419e+02 7.813987369834602070e+00 1.261110077023500364e-01
1.082807836944675728e+02 7.836687331982841620e+00 1.134998107411960000e-01
1.098501570278004067e+02 7.857046001345367792e+00 1.017933468126324265e-01
1.114233860018983790e+02 7.875243739634354867e+00 9.098869144493434979e-02
1.130000561079068859e+02 7.891457320450692592e+00 8.106790408169022022e-02
1.145797876073505392e+02 7.905857673985898337e+00 7.200176767602681216e-02
1.161622341995636134e+02 7.918608248144834327e+00 6.375287079468172635e-02
1.177470814117667572e+02 7.929863873886712433e+00 5.627812870938833645e-02
1.193340448030978678e+02 7.939770039424262293e+00 4.953082768774857980e-02
