0.00 12.00 0.00
0.20 11.93 -0.35
0.40 11.78 -0.76
0.60 11.57 -1.05
0.80 11.32 -1.24
1.00 11.05 -1.35
1.20 10.77 -1.40
1.40 10.49 -1.41
1.60 10.21 -1.39
1.80 9.94 -1.34
2.00 9.69 -1.28
2.20 9.45 -1.17
2.40 9.24 -1.07
2.60 9.05 -0.93
2.80 8.88 -0.85
3.00 8.72 -0.80
3.20 8.57 -0.75
3.40 8.43 -0.72
3.60 8.29 -0.71
3.80 8.14 -0.77
4.00 7.95 -0.91
4.20 7.73 -1.13
4.40 7.45 -1.39
4.60 7.12 -1.67
4.80 6.73 -1.93
5.00 6.29 -2.20
5.20 5.78 -2.54
5.40 5.24 -2.70
5.60 4.68 -2.79
5.80 4.11 -2.84
6.00 3.54 -2.87
6.20 2.96 -2.89
6.40 2.41 -2.79
6.60 1.90 -2.51
6.80 1.46 -2.22
7.00 1.08 -1.91
7.20 0.74 -1.70
7.40 0.44 -1.52
7.60 0.16 -1.39
7.80 0.00 -1.27
8.00 0.00 -0.30
8.20 0.06 0.30
8.40 0.20 0.71
8.60 0.43 1.12
8.80 0.73 1.51
9.00 1.08 1.77
9.20 1.47 1.92
9.40 1.87 2.00
9.60 2.27 2.04
9.80 2.68 2.03
10.00 3.08 1.99
10.20 3.46 1.91
10.40 3.82 1.82
10.60 4.16 1.71
10.80 4.48 1.58
11.00 4.77 1.44
11.20 5.03 1.28
11.40 5.24 1.09
11.60 5.43 0.92
11.80 5.59 0.81
12.00 5.75 0.79
12.20 5.91 0.79
12.40 6.06 0.77
12.60 6.21 0.74
12.80 6.35 0.69
13.00 6.47 0.63
13.20 6.59 0.56
13.40 6.69 0.50
13.60 6.77 0.44
13.80 6.85 0.38
14.00 6.91 0.33
14.20 6.97 0.28
14.40 7.03 0.31
14.60 7.10 0.32
14.80 7.16 0.33
15.00 7.23 0.33
15.20 7.29 0.32
15.40 7.35 0.31
15.60 7.41 0.29
15.80 7.47 0.28
16.00 7.52 0.26
16.20 7.57 0.24
16.40 7.61 0.23
16.60 7.65 0.21
16.80 7.69 0.19
17.00 7.73 0.17
17.20 7.76 0.16
17.40 7.79 0.14
17.60 7.81 0.13
17.80 7.84 0.12
18.00 7.86 0.10
18.20 7.87 0.09
18.40 7.89 0.08
18.60 7.91 0.07
18.80 7.92 0.06
19.00 7.93 0.06
19.20 7.94 0.05
19.40 7.95 0.04
19.60 7.96 0.04
19.80 7.96 0.03
20.00 7.97 0.03
