0.00 10.00 0.00
0.20 9.97 -0.17
0.40 9.88 -0.42
0.60 9.76 -0.59
0.80 9.62 -0.70
1.00 9.47 -0.77
1.20 9.31 -0.80
1.40 9.15 -0.81
1.60 8.99 -0.80
1.80 8.83 -0.77
2.00 8.69 -0.74
2.20 8.55 -0.69
2.40 8.42 -0.65
2.60 8.31 -0.57
2.80 8.21 -0.50
3.00 8.12 -0.44
3.20 8.04 -0.38
3.40 7.97 -0.36
3.60 7.90 -0.34
3.80 7.84 -0.32
4.00 7.77 -0.32
4.20 7.70 -0.35
4.40 7.62 -0.43
4.60 7.50 -0.60
4.80 7.33 -0.84
5.00 7.10 -1.12
5.20 6.82 -1.41
5.40 6.48 -1.69
5.60 6.10 -1.95
5.80 5.64 -2.29
6.00 5.13 -2.56
6.20 4.58 -2.72
6.40 4.02 -2.80
6.60 3.45 -2.86
6.80 2.87 -2.87
7.00 2.32 -2.77
7.20 1.82 -2.51
7.40 1.38 -2.19
7.60 0.99 -1.96
7.80 0.64 -1.76
8.00 0.33 -1.56
8.20 0.04 -1.43
8.40 0.00 -1.31
8.60 0.00 -0.25
8.80 0.07 0.33
9.00 0.21 0.74
9.20 0.44 1.14
9.40 0.75 1.52
9.60 1.10 1.78
9.80 1.49 1.93
10.00 1.89 2.00
10.20 2.29 2.01
10.40 2.69 2.01
10.60 3.08 1.97
10.80 3.46 1.90
11.00 3.82 1.80
11.20 4.16 1.70
11.40 4.48 1.58
11.60 4.77 1.45
11.80 5.03 1.29
12.00 5.25 1.11
12.20 5.43 0.93
12.40 5.59 0.80
12.60 5.75 0.77
12.80 5.90 0.76
13.00 6.05 0.76
13.20 6.20 0.73
13.40 6.34 0.69
13.60 6.46 0.63
13.80 6.58 0.57
14.00 6.68 0.50
14.20 6.77 0.44
14.40 6.84 0.38
14.60 6.91 0.33
14.80 6.97 0.29
15.00 7.02 0.25
15.20 7.07 0.28
15.40 7.13 0.29
15.60 7.19 0.30
15.80 7.25 0.30
16.00 7.31 0.30
16.20 7.37 0.29
16.40 7.43 0.28
16.60 7.48 0.27
16.80 7.53 0.25
17.00 7.58 0.23
17.20 7.62 0.22
17.40 7.66 0.20
17.60 7.70 0.18
17.80 7.73 0.17
18.00 7.76 0.15
18.20 7.79 0.14
18.40 7.81 0.13
18.60 7.84 0.11
18.80 7.86 0.10
19.00 7.88 0.09
19.20 7.89 0.08
19.40 7.91 0.07
19.60 7.92 0.06
19.80 7.93 0.06
20.00 7.94 0.05
