0.00 6.00 0.00
0.20 6.03 0.17
0.40 6.09 0.26
0.60 6.15 0.32
0.80 6.22 0.36
1.00 6.30 0.38
1.20 6.38 0.39
1.40 6.45 0.38
1.60 6.53 0.37
1.80 6.60 0.36
2.00 6.67 0.34
2.20 6.73 0.32
2.40 6.79 0.30
2.60 6.84 0.27
2.80 6.89 0.25
3.00 6.94 0.23
3.20 6.98 0.21
3.40 7.02 0.22
3.60 7.07 0.22
3.80 7.11 0.22
4.00 7.15 0.21
4.20 7.19 0.20
4.40 7.23 0.19
4.60 7.26 0.15
4.80 7.28 0.11
5.00 7.30 0.08
5.20 7.31 0.04
5.40 7.31 -0.02
5.60 7.28 -0.13
5.80 7.22 -0.31
6.00 7.11 -0.56
6.20 6.94 -0.85
6.40 6.71 -1.15
6.60 6.42 -1.44
6.80 6.07 -1.72
7.00 5.66 -2.05
7.20 5.19 -2.37
7.40 4.66 -2.65
7.60 4.10 -2.79
7.80 3.53 -2.84
8.00 2.96 -2.86
8.20 2.41 -2.78
8.40 1.89 -2.56
8.60 1.45 -2.23
8.80 1.07 -1.86
9.00 0.74 -1.69
9.20 0.43 -1.51
9.40 0.16 -1.38
9.60 0.00 -1.27
9.80 0.00 -0.31
10.00 0.06 0.30
10.20 0.20 0.71
10.40 0.42 1.12
10.60 0.73 1.53
10.80 1.09 1.79
11.00 1.48 1.94
11.20 1.88 2.01
11.40 2.28 2.02
11.60 2.68 2.01
11.80 3.08 1.97
12.00 3.46 1.90
12.20 3.82 1.81
12.40 4.16 1.70
12.60 4.48 1.59
12.80 4.77 1.45
13.00 5.03 1.30
13.20 5.25 1.12
13.40 5.44 0.94
13.60 5.60 0.80
13.80 5.75 0.76
14.00 5.90 0.75
14.20 6.05 0.75
14.40 6.20 0.73
14.60 6.33 0.68
14.80 6.46 0.63
15.00 6.57 0.57
15.20 6.68 0.50
15.40 6.76 0.44
15.60 6.84 0.38
15.80 6.91 0.33
16.00 6.97 0.29
16.20 7.02 0.25
16.40 7.07 0.28
16.60 7.13 0.30
16.80 7.19 0.30
17.00 7.25 0.30
17.20 7.31 0.30
17.40 7.37 0.29
17.60 7.43 0.28
17.80 7.48 0.27
18.00 7.53 0.25
18.20 7.58 0.23
18.40 7.62 0.22
18.60 7.66 0.20
18.80 7.70 0.18
19.00 7.73 0.17
19.20 7.76 0.15
19.40 7.79 0.14
19.60 7.81 0.13
19.80 7.84 0.11
20.00 7.86 0.10
