0.00 8.00 0.00
0.20 8.00 0.00
0.40 7.99 -0.07
0.60 7.96 -0.13
0.80 7.93 -0.17
1.00 7.89 -0.19
1.20 7.85 -0.20
1.40 7.81 -0.21
1.60 7.76 -0.21
1.80 7.72 -0.20
2.00 7.68 -0.20
2.20 7.65 -0.19
2.40 7.61 -0.18
2.60 7.58 -0.16
2.80 7.55 -0.15
3.00 7.53 -0.11
3.20 7.51 -0.08
3.40 7.50 -0.05
3.60 7.50 -0.03
3.80 7.49 -0.01
4.00 7.49 -0.03
4.20 7.48 -0.04
4.40 7.47 -0.06
4.60 7.45 -0.08
4.80 7.42 -0.13
5.00 7.38 -0.24
5.20 7.29 -0.42
5.40 7.16 -0.67
5.60 6.96 -0.96
5.80 6.71 -1.26
6.00 6.40 -1.55
6.20 6.04 -1.82
6.40 5.62 -2.12
6.60 5.11 -2.52
6.80 4.57 -2.69
7.00 4.01 -2.82
7.20 3.43 -2.90
7.40 2.85 -2.88
7.60 2.30 -2.77
7.80 1.79 -2.52
8.00 1.35 -2.20
8.20 0.96 -1.99
8.40 0.60 -1.81
8.60 0.26 -1.69
8.80 0.00 -1.55
9.00 0.00 -0.59
9.20 0.02 0.09
9.40 0.12 0.50
9.60 0.30 0.91
9.80 0.56 1.32
10.00 0.89 1.66
10.20 1.27 1.87
10.40 1.66 1.98
10.60 2.07 2.02
10.80 2.47 2.01
11.00 2.86 1.99
11.20 3.25 1.93
11.40 3.62 1.85
11.60 3.97 1.76
11.80 4.30 1.65
12.00 4.61 1.53
12.20 4.89 1.39
12.40 5.13 1.22
12.60 5.34 1.04
12.80 5.51 0.87
13.00 5.67 0.77
13.20 5.82 0.76
13.40 5.97 0.75
13.60 6.12 0.74
13.80 6.26 0.71
14.00 6.39 0.66
14.20 6.51 0.60
14.40 6.62 0.54
14.60 6.72 0.48
14.80 6.80 0.42
15.00 6.87 0.36
15.20 6.93 0.31
15.40 6.99 0.27
15.60 7.05 0.30
15.80 7.11 0.31
16.00 7.17 0.32
16.20 7.24 0.32
16.40 7.30 0.31
16.60 7.36 0.30
16.80 7.42 0.29
17.00 7.47 0.27
17.20 7.52 0.26
17.40 7.57 0.24
17.60 7.62 0.22
17.80 7.66 0.20
18.00 7.69 0.19
18.20 7.73 0.17
18.40 7.76 0.16
18.60 7.79 0.14
18.80 7.81 0.13
19.00 7.84 0.11
19.20 7.86 0.10
19.40 7.88 0.09
19.60 7.89 0.08
19.80 7.91 0.07
20.00 7.92 0.06
