0.000000000000000000e+00 8.000000000000000000e+00 0.000000000000000000e+00
1.600000000000001643e+00 8.000000000000000000e+00 0.000000000000000000e+00
3.198508062841995070e+00 7.985080628419932047e+00 -7.459685790033912522e-02
4.792953482728932180e+00 7.959373570449439939e+00 -1.285352898524625975e-01
6.381514099368747139e+00 7.926232595948743409e+00 -1.657048725034847014e-01
7.962966912149162191e+00 7.888295531855385789e+00 -1.896853204667863224e-01
9.536558038975577745e+00 7.847615736408775078e+00 -2.033989772330516144e-01
1.110189672205321898e+01 7.805771094367633722e+00 -2.092232102057083876e-01
1.265886927280504715e+01 7.763954413150629286e+00 -2.090834060850231824e-01
1.420756953388424648e+01 7.723048197641339208e+00 -2.045310775464497799e-01
1.574824301521818093e+01 7.683686615698027467e+00 -1.968079097165581492e-01
1.728124232475116173e+01 7.646306479631783226e+00 -1.869006803312223686e-01
1.880699189060574028e+01 7.611189178914027131e+00 -1.755865035887786418e-01
2.032596031021596872e+01 7.578495017188241256e+00 -1.634708086289272666e-01
2.183863893248967614e+01 7.548291205548801841e+00 -1.510190581971957435e-01
2.334609928438824156e+01 7.526312313436836376e+00 -1.098944605598283775e-01
2.484982819681686905e+01 7.510976810849416374e+00 -7.667751293709884619e-02
2.635102023247159408e+01 7.500943545697795756e+00 -5.016632575810379968e-02
2.785062968092502445e+01 7.495150938836508736e+00 -2.896303430643422383e-02
2.934941131035152040e+01 7.492665355428446361e+00 -1.242791704031340205e-02
3.084734919539531006e+01 7.486713495009462704e+00 -2.975930209491848763e-02
3.234382974808166722e+01 7.478092031854074229e+00 -4.310731577694079664e-02
3.383831444276007971e+01 7.466754914930067599e+00 -5.668558462003156495e-02
3.533005303047165313e+01 7.450630962185586625e+00 -8.061976372240585442e-02
3.681749421542740208e+01 7.423780887371982828e+00 -1.342503740680207058e-01
3.829744871156415087e+01 7.375764073995532577e+00 -2.400840668822516732e-01
3.976414810784937259e+01 7.291229888856655350e+00 -4.226709256943880222e-01
4.120892614606096060e+01 7.156550493259255852e+00 -6.733969779869970473e-01
4.262100317610813960e+01 6.964219807212469249e+00 -9.616534302339326823e-01
4.398868247362537431e+01 6.712573167959879683e+00 -1.258233196262948272e+00
4.530028134158720832e+01 6.403415511658451464e+00 -1.545788281507139317e+00
4.654465875746623027e+01 6.040358647131770731e+00 -1.815284322633403002e+00
4.771029310245122446e+01 5.615984802718124946e+00 -2.121869222068230254e+00
4.878313631256153116e+01 5.112447298384950933e+00 -2.517687521665870065e+00
4.975178549734976485e+01 4.574044549497417123e+00 -2.692013744437669054e+00
5.061013799717029826e+01 4.009480448707917866e+00 -2.822820503947498061e+00
5.135398726655439816e+01 3.429012245133063796e+00 -2.902341017874269902e+00
5.198218464896459778e+01 2.852961578968939094e+00 -2.880253330820622182e+00
5.249742670556281610e+01 2.299458987013223599e+00 -2.767512959778576143e+00
5.290681901547497290e+01 1.794464112108405729e+00 -2.524974374524089349e+00
5.322173028724450461e+01 1.354648605586941779e+00 -2.199077532607319529e+00
5.345282817476564219e+01 9.563302696243521916e-01 -1.991591679812947824e+00
5.360798161655011285e+01 5.952041482204059042e-01 -1.805630607019731215e+00
5.369327051382879290e+01 2.576848245664385972e-01 -1.687596618269836313e+00
5.371386612515192382e+01 0.000000000000000000e+00 -1.547067679508013605e+00
5.371386612515192382e+01 0.000000000000000000e+00 -5.903607040807534734e-01
5.371558465746162625e+01 1.718532309697335878e-02 8.592661548486679735e-02
5.372893685551571963e+01 1.163366574440518747e-01 4.957566717353925068e-01
5.377031592156425432e+01 2.974540030412355374e-01 9.055867279859182162e-01
5.385611505785723807e+01 5.605373598885243780e-01 1.315416784236443926e+00
5.400148866969544770e+01 8.931987584936905700e-01 1.663306993025830849e+00
5.421745100059010980e+01 1.266424550452906583e+00 1.866128959796079956e+00
5.451030329351337400e+01 1.662098378779724328e+00 1.978369141634089168e+00
5.488310545141729335e+01 2.065923200259488279e+00 2.019124107398820200e+00
5.533641041431656760e+01 2.467126428733245280e+00 2.006016142368784116e+00
5.586957189689414349e+01 2.864488397042516787e+00 1.986809841546358646e+00
5.648112541302489831e+01 3.251046764265017153e+00 1.932791836112502937e+00
5.716841383796851517e+01 3.621837485171134130e+00 1.853953604530584887e+00
5.792793076321878942e+01 3.973331767331623077e+00 1.757471410802444289e+00
5.875556757078257419e+01 4.303036308306186442e+00 1.648522704872817046e+00
5.964670616597169328e+01 4.608349643585051503e+00 1.526566676394326638e+00
6.059608498457764370e+01 4.885438542474476620e+00 1.385444494447127362e+00
6.159761321840571213e+01 5.129843795806170448e+00 1.222026266658470028e+00
6.264443086190244259e+01 5.338332639161143867e+00 1.042444216774868870e+00
6.372945642689951029e+01 5.511923010809574919e+00 8.679518582421560380e-01
6.484733601390006186e+01 5.666872859195923873e+00 7.747492419317467682e-01
6.599585176451304847e+01 5.818284646933959081e+00 7.570589386901758200e-01
6.717457967954953801e+01 5.968994503430857357e+00 7.535492824844933768e-01
6.838322153515120760e+01 6.117424052585937133e+00 7.421477457753999918e-01
6.962088530137815212e+01 6.259213609683475177e+00 7.089477854876884422e-01
7.088599217726296331e+01 6.391855149164473282e+00 6.632076974049891938e-01
7.217646211891342034e+01 6.512844267340215154e+00 6.049455908787071401e-01
7.348984553460640257e+01 6.620989889589623978e+00 5.407281112470420092e-01
7.482357735851000768e+01 6.716328349446391677e+00 4.766922992838379392e-01
7.617516450472858480e+01 6.799543112739502071e+00 4.160738164655504168e-01
7.754229921313691420e+01 6.871803971343678263e+00 3.613042930208815728e-01
7.892291585765043749e+01 6.934362473791511938e+00 3.127925122391696511e-01
8.031519296623632442e+01 6.988408612067431136e+00 2.702306913795947119e-01
8.171880492999576973e+01 7.047711025527021889e+00 2.965120672979540961e-01
8.313457988913899044e+01 7.110038565905148822e+00 3.116377018906366092e-01
8.456294542151718474e+01 7.173616757876875027e+00 3.178909598586304730e-01
8.600401253919842759e+01 7.237054418935457534e+00 3.171883052929104774e-01
8.745764601740384592e+01 7.299280363118747061e+00 3.111297209164454181e-01
8.892352295247980010e+01 7.359488987640742330e+00 3.010431226099744562e-01
9.040118121735666534e+01 7.417093661128094872e+00 2.880233674367635444e-01
9.189005927779946603e+01 7.471686943299802763e+00 2.729664108585375115e-01
9.338952864898649864e+01 7.523006768570580149e+00 2.565991263538884848e-01
9.489892010787944798e+01 7.570907820358756979e+00 2.395052589408852572e-01
9.641754463082553173e+01 7.615337409102089339e+00 2.221479437166608562e-01
9.794470989628312907e+01 7.656315245473972020e+00 2.048891818594152925e-01
9.947973307797538212e+01 7.693916571448378150e+00 1.880066298720294571e-01
1.010219505527322923e+02 7.728258176120828438e+00 1.717080233622507168e-01
1.025707250584455181e+02 7.759486881011596004e+00 1.561435244538388334e-01
1.041254507596887464e+02 7.787770131420574060e+00 1.414162520448890015e-01
1.056855566105041220e+02 7.813288376733231289e+00 1.275912265632883069e-01
1.072505083445621068e+02 7.836228963846552098e+00 1.147029355666045886e-01
1.088198093713997849e+02 7.856781304530152887e+00 1.027617034180055150e-01
1.103930008128506870e+02 7.875133109978929014e+00 9.175902724388226850e-02
1.119696608752931155e+02 7.891467514445198894e+00 8.167202233135011091e-02
1.135494037202408464e+02 7.905960935032077863e+00 7.246710293439420636e-02
1.151318779674272719e+02 7.918781536832263157e+00 6.410300900092791299e-02
